65 1000
87
101
896
328
131
523
540
13
295
542
107
223
704
283
160
281
728
728
95
266
663
415
492
983
55
679
412
404
451
317
889
502
649
718
931
136
511
481
309
796
762
501
209
636
85
329
71
349
956
22
992
911
688
419
279
935
975
829
602
831
208
357
816
262
545
557
314
645
607
495
728
41
730
799
269
127
927
519
352
139
919
13
8
373
111
143
779
21
161
130
597
863
549
526
642
95
200
358
796
393
495
901
477
661
942
431
429
240
261
293
861
476
253
402
960
810
767
763
592
87
240
745
616
147
667
167
148
379
521
222
333
792
965
743
65
739
233
580
486
796
902
153
632
373
42
103
794
813
906
684
945
804
85
75
768
541
74
610
913
244
424
931
26
919
997
469
773
324
993
805
628
685
979
248
533
443
562
843
459
822
295
14
605
140
786
590
778
350
440
195
715
222
609
267
558
461
65
826
803
61
964
882
474
627
160
693
909
403
428
522
133
733
355
57
877
699
54
829
95
773
715
275
341
216
490
507
974
73
329
915
526
351
143
328
707
152
999
138
740
207
409
706
489
409
363
191
222
359
803
378
592
277
728
656
426
227
32
650
403
680
134
130
730
586
92
124
684
382
324
56
871
810
496
983
908
447
646
966
339
355
690
462
259
722
17
363
553
745
195
757
241
125
610
463
873
642
313
189
605
129
407
572
450
90
493
289
256
915
72
875
343
126
4
428
380
60
907
90
844
95
966
599
133
168
84
159
456
673
23
904
655
428
986
362
155
417
33
464
896
928
32
453
685
652
793
136
948
63
158
145
582
657
531
370
377
746
456
506
171
404
211
389
12
116
301
1000
142
523
290
737
642
560
685
749
215
834
200
860
947
632
519
1000
476
634
411
483
760
902
68
984
457
115
578
538
366
506
649
548
582
890
553
873
95
862
979
166
639
211
615
985
454
416
618
226
727
46
408
947
170
515
263
75
358
670
547
822
6
413
527
398
950
278
99
398
579
190
403
706
693
889
547
717
507
859
641
320
401
608
163
920
281
398
998
837
404
599
802
757
795
232
289
776
938
172
482
654
128
955
954
826
373
838
582
731
577
97
277
849
240
948
433
30
103
38
434
900
414
195
347
343
817
748
769
624
476
897
892
853
162
375
205
796
155
72
57
805
29
655
316
459
353
822
15
336
860
158
447
502
198
17
894
527
693
96
13
358
868
653
325
172
278
76
626
658
760
234
534
618
916
176
452
998
748
548
954
281
919
595
292
840
345
914
522
71
321
827
131
744
430
279
854
859
206
57
764
311
111
555
77
386
484
948
785
772
166
405
721
485
460
110
112
222
433
802
702
217
981
907
220
512
53
725
158
738
207
387
753
580
409
965
446
646
222
714
283
75
259
332
348
666
73
963
48
656
777
167
490
309
550
170
735
399
596
74
969
83
275
291
868
409
642
164
505
924
621
699
410
980
904
736
117
259
127
275
576
571
821
348
737
898
242
329
504
473
211
504
415
366
272
929
725
398
145
576
110
900
329
775
237
938
65
332
669
777
406
501
328
666
794
923
505
428
964
953
332
176
226
7
493
753
30
291
806
461
395
994
938
209
33
769
146
210
284
79
104
354
429
667
71
706
652
596
128
463
5
466
198
824
39
135
925
907
635
847
130
776
656
855
729
435
84
443
773
522
149
87
751
79
701
935
717
776
530
642
986
256
649
634
263
936
436
439
383
217
406
745
902
707
964
821
530
50
119
744
782
191
345
979
55
743
668
23
781
70
418
93
963
538
539
418
55
82
946
96
358
89
132
301
347
959
175
627
494
406
695
26
528
532
780
473
488
960
671
107
423
821
756
82
371
61
587
89
938
977
437
548
635
417
177
152
871
126
425
311
917
921
565
151
450
812
367
658
587
663
28
912
123
553
93
82
735
712
798
705
957
950
412
198
969
756
326
103
530
889
83
804
61
447
610
621
536
547
332
152
979
782
915
299
539
315
642
783
200
739
885
935
426
518
55
689
911
685
989
868
800
86
345
868
829
229
89
661
618
266
933
414
553
507
717
879
812
102
528
850
461
817
364
567
63
674
417
358
480
416
427
943
99
928
80
600
793
908
910
907
880
687
804
972
580
547
950
399
326
80
653
432
446
288
743
838
237
811
174
788
471
929
171
769
903
408
588
813
195
124
485
365
982
764
512
283
368
106
40
48
277
935
668
208
123
482
415
35
268
428
719
773
164
775
363
675
554
800
871
927
240
171
332
84
576
216
232
588
703
204
884
518
596
867
131
866
911
