65 10000
3920
2025
2285
7095
1226
6662
2660
1347
6119
4765
7450
2410
9701
2554
2677
15
822
1583
8440
7910
4074
3404
9349
6357
8112
5502
5368
1137
8529
2182
8956
7511
1016
8687
9417
3371
1607
1737
6501
6652
3581
6146
1937
7797
7336
6415
9554
3344
1000
7428
4060
7247
7091
3397
7875
8125
7651
3135
1307
916
4233
4860
1710
5202
818
3542
4567
604
9110
5695
9788
2486
4962
1212
2555
4726
6459
8995
4686
3676
7316
9913
4260
7236
2897
1550
3447
1352
690
1306
5049
6959
5411
8892
2687
4167
1946
7196
7492
5424
6182
9923
9616
473
9309
6077
8155
8663
4201
3414
7477
8680
4890
15
2836
1400
5278
2710
9400
8548
2543
3298
8025
6396
613
832
6882
9566
1866
9433
1851
9966
8164
1121
8898
3366
1388
9993
4179
4817
5951
5165
6028
5295
7910
2009
6446
4541
2456
3883
6406
9826
4703
1272
3267
3610
8387
9286
4238
8110
5920
9733
6893
2931
6406
5432
354
7981
6378
3128
3632
9963
9900
2661
9828
6051
958
2348
812
8568
3718
7068
5437
3075
7081
2209
7753
1038
2352
7275
8680
7322
6642
3388
9259
1560
2564
1835
7378
4475
3400
6410
3513
2926
3131
8251
4713
3747
6088
9476
8829
3535
534
8170
5489
1340
2876
5675
9239
2587
7406
8170
7457
8898
7370
3760
4553
9518
3435
953
3307
8242
8225
7992
4573
4972
1567
5307
1239
6949
8862
1712
3542
10000
6459
233
7810
9283
7984
1700
8847
5459
2442
9729
2917
3351
9940
3594
6629
1931
2640
4524
2910
710
4871
2371
3034
1865
6560
3327
6961
7147
9407
7874
7583
3024
8272
4295
7435
9051
3497
9900
4387
5044
7316
7236
1070
8199
1690
9628
5615
1161
8444
8665
9942
4659
4368
1239
2957
3608
5768
960
7870
781
9271
6614
5014
9845
4695
1137
9185
2789
4203
6407
6200
3060
2792
2442
7971
9952
1136
8873
6538
1155
2458
3872
2872
3468
3045
1649
9998
6015
4114
747
553
8879
9934
1708
2004
3266
4355
9461
8192
6050
948
3468
6004
1373
9660
4969
1308
7968
4810
5315
6464
9061
6143
7121
3102
9346
4201
2749
5549
8801
9286
1386
6090
986
2310
304
9934
9984
5307
1203
3377
9331
1516
5425
6450
4532
1650
2741
1837
4090
3899
41
417
2685
359
5473
3326
4299
3097
1171
7665
1500
8759
1716
6335
7772
8735
9919
1317
7306
9296
2956
2671
3293
2687
6854
4590
718
9728
9406
983
8643
1465
6454
8597
3503
6411
4444
7205
8246
6016
1460
224
1136
8656
1300
6466
7038
9390
294
167
3808
2931
8437
9654
6978
6077
5543
9857
3571
1545
2919
2636
5234
7674
9844
5779
4408
1394
3583
1656
4662
4454
6839
9947
64
8831
2356
4478
4217
9327
400
2032
6908
6339
2246
1850
8374
8078
9125
2788
7684
3293
2209
4910
8584
3562
1561
8106
4746
7191
8115
100
8318
3849
410
6700
837
6278
5596
2387
1953
5991
6217
995
5622
9951
1120
6521
5498
6115
2556
7894
2718
4612
269
308
1581
9278
95
3288
6210
4209
2022
7542
5464
2322
2885
1850
9974
5896
5468
1253
1635
1467
949
6385
4315
6907
7774
6682
5465
7565
5698
7943
3295
1287
2493
5098
9046
8387
5629
2468
1374
9502
5934
1576
6329
8715
9029
624
141
6214
6204
475
3932
1135
8834
847
4743
3417
5172
6291
4582
3673
8582
9788
1031
5917
8925
8974
3426
4607
4802
2971
7183
6509
4597
6213
3367
8697
5307
6798
7716
1690
594
293
5260
6583
7587
497
5763
2508
8276
9051
7239
5048
8508
5959
3514
8540
4094
222
685
5941
8462
4161
8752
456
6012
6488
3582
8475
1281
9939
6310
7726
4403
5472
6188
2304
5580
3168
3439
9496
2488
3435
9327
5010
4138
4073
143
5032
6496
8644
232
9938
6379
6595
4301
9627
2289
8227
8183
1759
6753
3548
8924
8526
5073
4693
708
4865
7912
968
8508
3570
2206
1160
3849
6488
214
771
4548
6296
9620
9659
1291
7352
7593
5407
2184
4862
8850
2242
8310
1363
5465
3809
508
4846
6827
9288
6164
1180
1490
2246
5394
4917
5016
3995
6449
3057
694
9314
8079
1943
6971
9640
6701
2543
3612
6981
5420
1511
3728
2906
5172
9921
1972
548
3325
8294
3392
2368
336
1571
9864
8742
8882
8225
7259
6363
7876
9844
5349
2588
6457
2518
8264
3147
8197
4214
9836
4658
3333
1007
9038
3970
5576
6250
147
2488
2097
7002
1345
246
1610
9505
7890
9756
1182
2989
2914
7904
6187
392
7714
2083
2020
8361
7959
829
6998
8632
4990
1373
3916
1761
6853
3399
51
4587
9369
7600
5436
8560
3097
8456
5830
4738
750
9146
8485
6633
808
2987
6621
1472
250
9671
6266
3765
7059
4205
2465
9624
4884
1044
9212
6985
7470
4448
1783
4167
4060
4833
5216
3858
3845
621
1185
6483
6031
675
4257
3701
5273
5219
3557
2766
7626
9982
3631
949
1381
4587
4856
1448
8458
2522
1382
9703
6522
8612
3020
4743
2321
2471
2925
4582
1320
5218
9586
7228
4102
6167
3723
452
4174
2623
4947
8479
4227
6957
1131
6964
166
6910
27
9931
6513
869
5353
4846
9841
1859
7691
8838
7551
2681
1462
8978
6383
750
7875
723
5149
9727
4669
1643
4459
183
8553
2707
7640
8238
5793
9708
2695
2355
3882
6036
1309
5852
4952
6603
2281
9203
2983
3474
6324
3434
398
9190
9649
5178
7105
6763
1770
8811
4976
9063
544
3556
6755
740
5376
725
5598
8700
2044
3795
850
8408
4950
7079
7354
8161
3589
6294
3016
8515
1734
5982
4194
1899
5083
9741
5053
3586
5378
6288
6671
6244
167
8236
6456
7510
4299
1631
3303
8247
5864
3224
7151
3286
5645
3563
873
8705
1295
7440
5725
3477
7119
6320
8918
1076
8079
2147
8798
6700
8420
7788
8418
766
5053
4497
2094
2519
397
9299
6518
2156
5643
7253
3177
9647
9830
5932
8908
717
1497
3223
8845
9787
7329
602
6671
7671
7740
7252
4576
7910
2873
4686
3062
5357
7019
9075
7603
4815
4810
1648
3429
7772
6794
6271
2894
7036
6492
7549
4113
5116
844
4415
7160
2962
9654
2030
7080
8914
5177
9640
6584
6542
1449
50
3127
882
5361
6123
7786
1689
351
1670
2575
523
2508
864
3464
4309
5193
6920
7492
4260
3001
142
5415
3846
222
4225
4067
1381
8528
9266
7051
4029
1006
9902
3769
4897
2042
8733
5104
128
7828
7565
5147
8700
5745
4811
5942
1570
7216
6129
1803
9883
6609
4564
2616
2164
5504
6309
369
158
2577
1908
7625
8828
4490
3410
6255
4915
4699
748
2279
3141
2004
6908
9082
6006
4316
5338
3326
1386
481
9451
2217
2465
2350
6150
4406
1554
4140
6671
8664
7619
7905
1121
9640
7060
6913
503
4301
2367
4031
5676
8133
7452
3117
3057
4272
4594
3014
585
3419
9675
9348
7069
976
7025
4380
7279
3487
420
3396
8700
2474
7429
1599
6764
3693
1788
2690
7332
6678
9107
9970
113
9991
6552
9172
3170
3840
8483
6134
409
1055
5629
6084
4485
9362
836
9991
9122
8559
7816
6259
1822
6048
4304
3957
3597
4921
808
4053
6518
9505
8086
5196
6777
5441
564
6130
8197
2323
796
8910
2976
500
2992
9649
9388
8830
5019
9357
9232
5519
2917
9669
1545
1068
1118
4419
312
3830
1423
4179
1111
2016
148
7802
8527
3303
6136
9572
9878
3089
6720
5955
5371
5253
1254
4
5395
1067
8981
8383
1272
6982
9293
8215
6208
9158
7890
6738
6651
828
6009
2967
8007
8705
9533
6868
104
7446
296
6816
3031
8217
313
4131
9326
3322
3438
1631
3153
1557
7664
5084
468
4593
4423
1754
2322
1731
4099
9208
9128
630
4871
4705
6614
8341
6286
961
4757
8595
8705
6995
772
8945
2539
1147
3734
2460
9288
8707
3293
6847
7015
2736
7995
4537
2746
8889
2117
4695
9785
8093
6114
1626
7141
9163
2472
4393
6916
7560
6513
369
1392
8679
500
6684
9090
249
2682
2709
5262
8674
8604
2822
3241
5532
3809
3477
1253
544
5265
4675
3560
7331
2767
8917
518
6450
1531
2067
3570
886
7086
6938
8420
2265
9784
91
5389
7556
1337
5347
6803
6816
6666
7703
1796
6095
9735
2329
543
9494
3326
3562
1883
4721
6777
9263
8098
8111
4878
5060
8047
6594
163
1014
9935
1239
3466
7691
2008
2279
1366
7340
7364
3786
1021
7986
6833
2575
4260
983
9668
3936
1469
1811
1707
289
1425
634
2799
4659
1733
4500
9708
9682
2724
2226
9880
3929
7172
2065
1230
6324
6656
9139
55
6729
4928
9343
6142
773
7557
5502
6707
2850
1212
4060
2788
378
8732
8849
7509
4164
7353
3931
4283
7622
2173
4697
9848
9635
4180
7078
4089
5664
8176
8390
4773
2350
2335
2984
446
2594
4089
2639
8756
6053
8594
1232
5304
6739
7994
3114
3387
9487
3250
4862
7251
430
9387
8249
9969
3423
2049
1810
3077
2787
6235
5985
6035
7654
855
1793
6556
5235
2016
9062
464
3575
9947
648
314
2248
1863
1551
3425
9442
1103
9655
1590
1300
176
2865
3900
6457
4927
546
973
7346
5022
5489
3169
2977
3577
815
636
8746
2775
1645
2666
3194
4166
4059
4417
3321
8047
3123
7967
7556
860
9261
9027
262
1695
7572
9755
2292
2090
9473
3992
4512
1961
5060
3139
8456
6293
7853
692
3099
6200
4482
2435
4576
6734
2710
3143
6369
4348
2776
8965
6915
8115
7015
2781
1686
5843
4946
3590
2576
5591
8053
954
1505
4026
8479
2615
9999
2582
8125
6882
2492
3987
6132
5514
7190
1400
4769
1320
6044
9411
6759
8433
9596
7566
9293
5518
7231
3010
5859
3457
7896
9551
9720
8
9770
5531
4923
5964
4789
1037
3694
883
3129
3241
4555
3808
6910
7180
2620
6520
8520
9137
9056
3337
1577
2787
8496
8367
221
7361
9339
2547
7138
8544
29
2155
7797
5357
4509
8641
3722
9100
1325
9734
5945
4631
5474
2441
6691
4955
8233
8408
3291
6022
2663
6142
3781
5949
8278
81
5830
3621
3528
8180
6753
3205
7706
7496
4453
2246
3476
1876
9330
9375
1098
8411
9954
1717
2794
4248
521
3235
1903
6263
643
3218
1723
4057
5272
8567
8143
231
2291
7977
6970
8701
757
2292
6420
5021
6803
565
7943
9550
2240
9882
2623
6704
4694
2570
2436
42
616
7764
5551
3329
2236
9985
8005
2018
1763
4460
7750
3764
5257
6210
8810
7717
9896
646
8531
9089
5358
9265
4652
1966
8141
3543
901
7869
6495
5966
6108
3118
1476
5730
9747
5665
3987
1414
8352
5641
1930
9402
5270
5982
3882
756
1539
1063
8425
6401
515
1402
4193
6360
5993
9580
4554
7366
1645
3527
1510
3891
9964
7174
758
1948
1526
3025
1371
5702
8314
5075
7585
6087
1562
5320
6673
494
4378
1195
1012
6554
4316
536
9780
1689
7533
2234
41
1629
3417
9227
673
9767
9247
9193
9728
2475
6644
1102
80
8382
2983
93
9354
2109
8533
7590
1791
578
103
8052
9432
3802
5141
1003
4599
3237
9310
340
632
4984
3954
4346
3053
2005
6979
2545
3271
5024
6543
1430
7329
2126
4941
2641
2481
3910
3177
6207
1711
7448
6650
3773
4510
2429
6000
8647
8252
3709
7314
3469
5271
236
4496
8350
649
7866
6153
5769
7195
2995
5087
8374
5886
1436
4923
4860
2695
9397
6259
1670
4508
931
2684
5104
7123
991
4179
4364
2037
1965
8511
31
3766
1137
8591
1939
5942
3627
909
5740
7210
8545
4360
975
4183
8403
2825
813
7197
163
9245
825
1922
1473
2115
7725
7035
611
2608
5455
6712
2155
6327
4080
2074
489
3734
1829
3359
5683
8650
3110
3827
7400
1130
9640
3934
7225
4770
4603
2311
3912
8197
8657
772
6259
4626
7340
6174
7953
7424
6126
4178
9988
4683
7828
684
1629
4093
816
4733
1663
9618
6825
4492
2768
9183
6094
6560
3346
9334
4050
9666
5562
1368
6346
2210
6572
50
1784
4933
807
5549
4848
445
7096
1406
3598
7725
4654
6566
5956
6900
7887
9085
5257
1963
7488
3830
6690
124
3406
5332
6889
2754
6334
29
7983
8846
345
3654
655
5753
8427
5518
6507
9537
5651
895
2985
6586
6624
7227
4232
1058
2739
9472
6718
2967
6995
1360
8932
9042
9406
6982
3909
9098
4968
1555
180
6979
4640
2028
8170
2453
1697
7739
105
5442
8415
9391
3763
6470
815
5323
9747
8969
4061
9141
34
9768
1628
866
8761
2374
6810
4661
6771
9042
2400
4164
4056
6663
5931
761
1927
9302
1642
1071
5892
7587
7903
4739
8280
756
8200
4958
4481
4802
9695
1284
3027
4871
915
2906
8363
4883
5565
4918
279
1301
6788
8692
9719
6815
851
6713
9639
2552
9507
7152
3919
5988
2622
1137
6000
9808
4992
4829
508
6226
43
2417
4196
7968
509
983
7976
3097
8470
5029
444
8046
7078
5112
1443
1238
6629
1758
835
7210
4305
4284
2835
4071
1588
1934
4152
3316
4610
9917
9986
5797
3126
870
3671
2612
8327
4260
1188
6975
2402
3363
1922
3517
2501
2312
5346
4063
5914
6146
682
4934
2045
526
4905
1026
1337
7287
9714
8901
7421
3185
7089
4544
5607
1978
2510
485
2971
7719
8527
283
8398
3456
7168
7300
2613
9694
3632
2636
7011
93
272
2456
7578
5524
3772
6524
9523
4040
5052
1776
3123
6751
9145
9095
8731
7203
7953
3497
8415
1368
3587
3099
5564
1393
8354
7532
5831
8789
9509
9386
9924
5560
3738
5771
7400
7684
9244
7805
7467
9904
2551
6658
9286
3513
2935
5314
4916
3668
118
6273
7252
1904
4134
2432
7272
9886
2496
4409
2552
1753
8213
3989
3469
539
6332
9858
2811
4040
4721
7744
9639
9196
7453
2003
1080
4878
4011
32
3411
2681
9793
9107
8914
8662
8142
2651
2169
6447
6034
2633
144
6255
4967
5403
1772
7146
4402
8961
9977
3310
8040
8770
1142
5831
7116
540
9718
9569
6589
1111
9845
5865
2085
5691
2414
9764
5918
3588
2852
6862
1167
7439
4965
4276
8037
6337
8350
5800
3270
2145
7649
8720
7432
4208
5114
2546
3105
3265
7143
5396
8969
245
2127
5180
7088
4214
8123
9025
5463
4610
7558
7071
7047
7768
3688
8993
7952
8782
5184
6476
2963
2713
6609
8288
9734
4749
8132
1338
4173
9318
8650
8802
9131
2018
2269
5334
4292
4711
55
3146
1126
6360
9313
6899
1493
7529
2146
6628
8393
4133
8731
4052
7546
1385
9459
7117
1176
5020
663
1457
7196
9449
7984
3094
7988
1201
4644
1165
9410
5
902
7659
923
7534
8529
1582
5255
4480
938
4902
4009
6113
216
9630
9292
4266
6559
4618
757
7784
1928
6762
3195
6568
4945
9298
999
2488
8191
6648
4289
399
1132
8631
8949
8248
2393
4275
5976
8871
2851
6988
3850
7820
2268
7248
3844
1056
545
5684
2875
3441
7318
5597
6015
9683
2875
2271
4782
9204
913
1608
9736
1323
6682
9253
1186
7941
3859
9330
1288
5905
8042
9110
1578
5992
9798
5163
2672
5535
9935
1892
5310
375
7880
1548
3260
444
851
7810
3688
2305
6294
1256
8351
8626
1583
3545
3061
6088
1386
6858
1121
8957
7353
5843
2077
3553
299
7847
984
8100
5484
5342
7527
3071
1125
1212
5443
6360
135
9520
5854
8694
9738
6679
2217
1468
4251
5767
363
2169
7159
4762
7211
547
3882
7177
7493
7813
4974
7593
4414
3830
2162
2657
7796
3093
4229
1055
2951
5523
446
4850
9535
2154
6842
1134
5728
1263
424
2264
2073
6678
2743
7155
2764
7525
1341
518
1833
4121
4850
8613
8997
2085
8165
4350
3879
3934
3208
8832
8447
5653
5955
5050
1839
1639
9040
801
9181
4356
3111
7479
2363
6236
3454
5155
2918
1896
7050
4660
7691
9051
8108
7751
2724
2339
5504
651
6992
2909
46
4487
1140
552
5794
3741
6238
3047
8923
4605
4364
2848
4341
1343
6223
1159
1608
7890
7850
3669
644
6349
1500
2103
1662
5404
5632
7615
7267
6162
3907
5803
1412
6905
1999
614
2380
1349
253
6412
2537
8347
1438
3431
6107
146
964
5960
625
1323
1653
9059
8762
3839
5089
2115
7251
1716
6206
2247
1874
5103
8344
8939
9290
5409
734
1396
6931
366
5656
6916
9040
9295
4662
5227
6749
3205
645
7367
2805
6290
4239
1237
4065
6299
4737
347
9726
4645
4241
7522
5532
5650
4897
7248
3827
7980
5805
1659
7885
5643
8198
5994
7685
3824
9992
5281
9190
4506
1660
5933
5188
4191
505
3675
3767
501
7771
6943
8077
1006
3631
9074
794
28
6876
5776
4589
9402
8120
7005
4433
2482
1385
9949
9187
5874
8400
3306
4145
5461
6384
2058
3213
9121
4231
8641
2037
6797
9866
6386
1621
2754
6276
8028
1361
4507
5424
3669
4104
4793
9336
7417
6787
7363
8011
7520
5420
8628
2120
3065
1737
4807
4070
6692
1318
5862
3837
7949
6356
5226
2199
7497
4490
4012
344
5295
8760
7108
9958
9973
4591
3108
8429
772
8384
8565
7610
144
8965
5355
1636
1312
7268
459
3030
2016
1392
603
8158
3483
106
1508
4199
8614
22
9030
5380
3133
2095
387
9842
7888
4125
8054
3302
9292
9111
4062
202
8539
7991
6871
3979
7695
6082
3448
2574
6659
6522
6691
1828
9568
8009
6155
2087
8792
2739
1492
3962
8322
9667
609
6159
4183
4947
9453
8965
6845
9328
7191
4362
7201
3618
3937
1615
5857
6763
5610
7106
8991
4813
3209
1829
2201
4331
9633
8418
7259
4700
8213
4796
6782
7303
3176
4487
7467
1359
3529
5230
9464
9390
4140
7013
3262
9902
2817
5420
736
2293
1525
2764
7590
9991
4843
8058
5724
1704
3186
1268
3613
6183
7712
4162
4015
7176
6617
7386
7728
3390
9052
6226
5925
7027
741
1989
7677
3004
5233
5302
2023
2427
4809
6232
9911
6096
3177
7226
6808
1487
2769
1366
1393
503
6553
3270
1483
8322
8878
9854
1779
5920
843
1376
7301
3588
1390
5963
1391
3720
5657
2600
1257
5912
2606
3876
2939
7803
6485
6168
376
6871
9811
5009
2236
2532
1014
6439
6929
6221
7233
2266
2744
5580
2416
727
7375
9090
955
7572
9052
8250
4616
9320
8417
7596
3549
5181
8474
7085
7569
2447
5483
3148
6804
4396
9783
4159
6494
565
1169
6935
7961
9145
1679
9946
3917
7597
7077
5546
8519
4212
2327
7533
4361
7999
883
3062
2566
3133
8397
8638
5177
7469
5544
133
948
9485
6466
1814
127
4701
2521
3279
6249
7193
2890
5894
6913
1030
1775
8046
3250
9643
6060
4473
9097
3011
3098
7629
9231
5434
307
6784
9583
4267
1255
8119
9935
1421
5568
6510
727
870
3883
1692
2662
9526
9522
8203
3995
9203
1734
6524
9127
4021
426
5038
4399
823
3082
9485
9010
4826
3055
2601
1737
922
9177
3105
2656
7698
8761
2156
3452
7121
3275
4501
6649
6401
7806
6050
1739
7966
1716
4357
1737
6921
5691
8445
4213
828
1861
9770
2436
6788
4782
1242
4397
2876
8396
597
1802
942
7051
7901
62
7719
3220
9881
8275
2386
8320
572
4985
5565
4696
2901
4135
7249
2380
5717
7553
1494
2138
3487
6601
138
3458
3820
6236
8766
2808
4938
3317
5723
8306
6070
6268
10000
729
6941
2439
4766
7239
5393
9900
7439
8037
9454
1206
8795
444
620
3119
2970
8366
9903
8224
5912
9085
9966
2860
4494
5506
9881
37
2766
3862
9036
4104
9138
2138
3415
9557
3144
346
6707
2592
3037
8675
2835
289
3035
6469
5379
5448
8339
7724
2406
5178
9711
7705
4392
5882
3715
5243
349
3841
5874
2569
3969
8790
1049
2621
4717
8562
7692
3466
2608
4099
1984
8493
707
4018
4598
5604
5760
3751
7627
6850
1046
3622
7270
9901
9848
3589
6542
4757
2417
1390
7234
7657
6692
3479
5740
9198
132
1016
5771
4723
5761
6565
3170
6219
6094
2023
9930
7291
1725
7499
9924
5191
3624
9839
8582
3756
2121
2149
6851
6502
4644
904
4268
914
6152
5526
6384
4959
3602
804
2107
5446
2752
661
1082
5498
1209
8401
119
75
2190
6893
989
683
6560
5396
4757
273
3995
8468
4517
4087
9545
5541
3677
5441
6763
4450
3713
2551
7213
2355
5754
77
1248
134
5851
2232
625
3652
5845
6498
5350
8767
4908
6298
2117
9721
5354
7124
2421
5399
7743
2112
8621
4042
3555
6225
1583
1409
4993
41
3449
9273
7575
794
890
7367
3856
9003
727
7092
4453
1762
2441
6501
3701
9298
8843
1179
1581
6322
809
4735
6417
7144
5103
5969
6748
7774
1145
7308
6221
5706
300
1943
812
512
9180
8092
8076
439
4068
1795
9564
2854
2825
4749
398
9713
7995
7986
7973
3187
1668
2255
9251
7296
7512
7652
2674
1807
4961
7201
2841
8991
5122
6739
8544
3568
2530
15
6537
3474
3164
2989
110
7481
4130
2629
4188
4143
75
9537
1249
4540
5192
224
8353
9674
3870
7448
5648
6372
4022
1720
6012
7688
9673
9915
5178
9006
6366
1451
2417
1598
2022
879
70
6827
2993
1302
6955
724
7312
1936
1942
5279
5372
7016
4926
8351
212
5996
4773
9350
8486
4826
3260
7644
4644
1243
2652
7608
8148
2818
8215
3668
6066
1213
7278
5261
1771
1360
3896
6590
2453
9486
6609
3863
3767
8769
1622
7972
9134
7857
5565
9808
8871
419
9350
8469
9836
3714
5585
7766
7306
2775
9338
9576
2792
9086
4160
5214
1733
1456
883
7975
4715
4290
4060
422
1794
4703
4200
7786
8513
6113
7850
1453
2356
4427
2782
9140
6249
6629
1151
5772
9760
2810
3753
8451
7907
7421
3257
8298
7891
7937
1219
6095
2062
3488
9553
4833
6508
6548
2526
9174
5394
9056
6784
6413
8271
4240
7813
5764
7079
8244
777
1622
3582
5071
9832
6563
5022
2897
2596
6746
5838
1201
5335
3327
6233
6602
1492
8890
899
8870
231
7785
3948
7638
5964
5626
5247
3065
8396
5047
8456
6824
7942
4159
8692
6132
6579
9501
7492
9129
6793
5731
4156
7890
6054
4179
4606
6358
436
350
4464
3161
1475
492
6461
2148
1708
1664
5827
5292
2681
4646
3328
4356
7532
4658
8665
6036
6127
9710
7874
5385
3275
5906
1668
465
2813
2308
7036
4952
2757
9076
5863
3912
9980
9268
3557
710
5213
1545
9980
695
6069
6204
8906
3967
1649
4997
7598
5906
93
6373
8495
892
324
1204
4069
4947
9417
1813
8467
6464
6240
9402
7954
3934
9811
5240
9442
3854
4772
1905
2268
8673
8796
4047
6842
852
3472
6218
4932
8910
1744
3033
3190
5983
812
3545
9051
8199
4140
6094
1691
9540
6715
2004
2433
3708
8248
7188
6551
2744
9024
4730
7309
4627
773
4266
2779
1755
9991
1065
3224
7077
5638
3680
2364
1071
78
6369
7491
5772
4305
11
10
8526
6061
4510
7173
3868
1959
1579
1068
8146
1780
8166
2916
3876
9225
863
9234
2215
7765
2363
3079
7930
8553
9746
179
6219
4267
6703
90
6018
8956
74
681
4072
4876
4848
7926
570
3485
2565
4002
4269
3481
1043
5314
247
9147
4355
6993
6408
111
7165
4914
5255
6242
2931
4192
5632
2368
7418
703
1464
5276
4360
3078
8203
1
7187
8199
7959
711
2184
4611
1070
7575
8794
8001
8051
2633
572
4449
9726
9138
7020
2959
5074
7960
6995
9798
8264
6344
2067
6883
1659
7830
941
9020
7712
3406
6987
5188
6951
5131
7167
6625
4175
8598
8278
9800
7848
848
2772
987
5022
4797
9306
4621
2852
7642
1503
343
5192
4158
6248
8806
8272
259
5898
4342
2701
3023
211
5910
9886
301
3922
9560
1318
6396
9430
8593
3391
4785
6561
5649
4501
9982
5564
711
5679
760
5689
982
2798
3178
2666
4066
3441
2701
9093
7391
587
4186
6067
595
7531
4719
4750
7242
1324
8777
6879
7535
9388
4799
9168
3189
8960
4338
1569
1522
8973
1022
2403
1050
9081
9791
5635
4364
469
7439
2896
5691
4576
2476
2224
2571
3192
2575
1449
8069
1036
722
5936
1604
7428
4109
8496
5864
2286
4681
7882
3734
7998
3807
17
8674
8689
7709
4733
1941
3948
4994
7199
8839
7006
8318
56
2036
3091
3979
7988
6380
7
3493
2272
2005
8263
9393
299
7304
1695
2207
209
1272
8940
4194
5016
7458
8203
6055
7844
3635
1916
2134
6924
3850
6462
6056
1808
5134
5599
8465
9770
5810
4960
5091
6669
5915
1407
468
6826
8279
75
6066
229
790
8658
476
5027
6437
4330
6384
6953
8741
9629
4044
9201
5831
8655
4989
5217
4231
3591
7325
4847
1941
2193
6277
9081
3164
5039
7347
3084
9565
6338
5867
9718
8403
8461
9650
3095
8021
1937
2482
8328
595
4095
997
6106
489
9460
3885
8479
6029
8234
8035
1023
9539
727
9085
538
4372
3533
5107
8000
7249
1003
4088
2547
2053
5931
4357
6107
7113
5381
838
4489
3583
107
2928
8984
1230
6624
8099
7780
4758
7846
1073
2032
3170
440
9903
3555
1201
7036
9911
1718
1811
9142
411
7507
5730
9219
2086
1633
927
2189
8379
569
453
2337
6702
8439
5750
6376
1002
1880
6957
5072
8215
3695
9068
3120
7891
4983
1677
1113
4197
8754
2298
9774
2596
2470
6533
6893
2299
6983
7120
5872
1635
3926
5690
6500
7992
2021
1391
1528
461
8943
1304
2147
6352
8394
9775
685
5850
7615
7759
5459
5418
2665
4507
9507
4190
765
9612
7442
5180
5200
8901
2610
3140
1787
3529
2168
8103
8899
8496
9779
2713
8324
9805
3845
1791
527
5126
1988
2637
5104
7601
97
6724
8353
4784
5712
1859
1803
5501
3295
7435
1002
1336
2495
5481
7336
2202
6481
7413
3884
7526
8437
8927
4049
9909
1496
588
1692
4249
8775
8923
4228
1689
4964
8310
1657
4757
7472
9499
7993
2494
7495
1842
1216
3589
121
5637
7511
9775
6208
8298
6087
2931
8717
3135
3563
2438
9858
8657
2209
6845
948
4358
3879
2518
4267
1637
6640
8399
1025
8292
1643
7533
5041
7434
9478
9061
5080
1658
9397
2647
8638
8808
4576
1917
5428
8080
4367
5278
1497
8536
9162
5580
7263
6236
5111
4337
405
4367
6436
5164
516
1338
3446
5973
5502
9709
7127
5443
4510
3001
8237
9226
2580
7575
9850
1137
6534
6610
1412
1202
3437
6390
5494
7062
4209
3948
7229
118
8303
7162
717
6966
5561
6796
9746
1225
8723
2402
923
7951
3640
993
566
9277
9506
4085
9440
5878
8016
6851
1706
9194
7496
212
3239
4982
3017
8442
8820
2959
6003
4329
3941
8363
6868
4297
4850
7231
9485
111
9263
2500
5205
4915
4099
9286
8607
815
6577
2284
4773
2119
9562
4665
9405
2260
3584
5913
2831
1703
1112
9320
1587
3619
5652
9301
2503
2196
4935
8855
3971
4598
8556
9757
6550
2304
15
3524
6906
8304
8724
6752
7299
7894
6202
7472
9426
1611
9975
3213
8978
2455
7634
2369
5892
8107
2492
4507
5117
761
3754
7168
1872
6468
9350
2630
8828
5990
7028
6445
9626
8580
8512
1661
1174
2442
1814
4719
8339
9864
5708
331
111
9574
9132
7883
655
9672
8998
4085
8417
693
594
1104
4715
4342
286
7974
1018
1903
7411
3437
5286
6268
5987
1482
834
5881
6241
3963
337
2013
7000
9464
4570
3302
1297
741
310
431
7270
4743
3793
2979
3325
8192
4345
1154
8085
7526
6528
6850
3598
106
1511
6324
4341
415
1309
6986
360
124
9440
2932
970
5361
5539
1844
8157
5054
1004
7975
5556
4471
6997
5542
1838
9423
2325
1600
811
2879
6921
3128
1593
540
4576
5017
3685
6793
8322
8251
7394
8852
3719
8922
4845
4200
420
9584
152
7770
393
3865
1261
6304
2610
4582
1069
10
8827
6735
397
8302
7486
5442
9358
6702
3987
5422
1842
2845
1652
8538
5876
6380
9041
5106
5538
5406
3821
4292
9854
717
2688
7029
8796
8446
9203
1390
1429
3045
1451
6562
2923
3975
8998
7906
3959
6103
8088
7759
2681
342
4460
3761
5145
1440
1660
1698
4172
8223
194
1995
6013
1332
6757
2915
3212
9123
6536
7121
9140
4125
850
1297
7817
5352
9475
2531
9320
8503
7264
4005
2597
4136
9599
5319
7841
5083
518
3443
1372
8868
2068
4386
1696
298
2045
3727
2134
4272
3373
4427
8140
5219
1808
3478
9188
904
2997
3561
1350
7196
7016
4385
5973
2629
47
5924
8960
6159
6897
2859
6338
4194
8868
3397
2569
8368
608
6678
2208
1996
561
1078
4540
4574
1751
7356
2778
8560
9302
9616
1247
2298
4837
2184
2790
6787
9389
3881
8058
3052
3431
806
9222
2330
2968
7089
9266
2054
9421
5039
4531
8069
5484
8342
5342
1290
5982
7915
1088
3229
8579
9074
4242
3428
4580
231
6619
9884
7255
4370
4420
6522
5583
1996
6726
4254
9682
3847
3585
1252
3342
7423
9644
380
6156
2667
2840
9474
7997
60
5173
7572
2905
4599
6513
4965
4982
3411
6826
1844
7757
8036
7293
3261
1154
6288
5387
6188
2507
7952
8016
4031
4630
3637
8422
6926
3129
953
5880
1232
8938
2640
392
4120
2749
6481
5577
1565
1980
2407
1104
3562
8232
3264
3485
389
4359
6297
5324
4529
7274
2011
6406
7391
7348
3112
8619
2895
7015
4287
3479
5077
6397
1520
5645
8860
6116
366
2056
2394
3535
1046
7115
9016
971
8730
3928
1994
9410
9649
7957
2951
2201
7637
9133
4763
3353
2096
8256
3506
4681
5088
4711
2752
423
5820
8396
7945
6195
5832
9897
7060
7435
1755
2556
9991
9221
1832
857
53
716
1867
4526
2394
5158
9692
9938
4926
6368
5895
9473
8292
6548
1901
6342
6156
5422
4824
8453
3775
4954
4365
5678
7222
4721
1361
9490
4620
2966
8315
9136
1847
2175
9920
3619
2341
9281
6148
5905
2336
9037
3147
3352
2225
5450
8150
7596
6081
1249
2142
3339
304
3831
5134
9976
8053
9087
4963
4563
8731
5944
3145
622
8557
9244
2348
4861
2558
8620
9218
249
9601
4436
2552
7798
7314
4103
5688
2169
6431
2332
8663
5858
8112
3142
1907
6548
1191
4577
8522
3883
6973
1681
5858
4747
7054
957
7188
1626
5398
1040
4779
2788
7429
4451
4101
7179
6155
171
6554
2119
730
1184
2048
7426
2851
9484
5415
6929
8254
1774
4582
4527
518
3513
3042
1465
5658
5483
7733
3115
7642
3984
2611
9320
6097
1828
3673
8954
3997
4543
8378
5422
4960
2969
7019
1523
6440
7703
7183
2378
7034
4786
6604
922
9804
3562
7769
8055
5004
3871
2383
6179
8246
11
6628
9411
409
5207
7975
1924
2725
5093
6084
2908
9466
4152
6368
1557
1594
6367
6575
8381
3950
8485
6507
5538
2079
2313
4005
4974
3624
5654
8104
5119
901
351
8367
8654
3069
5533
59
2486
151
1986
1505
5562
3463
2459
5813
627
7
9974
5433
5666
629
6300
9766
3552
7255
8974
9087
256
6913
5725
7202
4908
209
5754
1437
3011
695
5062
3896
2503
1408
9971
429
8607
46
2369
1011
9085
8003
3918
8882
2399
2009
2321
6568
6682
2415
8351
6762
2165
2055
1666
164
5688
1789
5334
4713
9901
5996
3586
1751
8239
2370
4676
1747
2842
7527
7032
7270
9835
548
6609
511
9017
2963
1387
2014
1320
4609
7006
8395
1354
1210
2459
2923
8235
5355
416
7179
411
2910
1703
7433
4103
3100
3478
3756
7318
5932
5843
9893
7110
149
4192
315
8463
9561
921
2016
3567
4354
4468
6645
4719
7006
4040
7704
3729
454
7867
5817
9007
1424
1021
2084
6380
6907
8228
5296
6947
7273
6392
6665
9703
3186
2603
4405
7820
9373
6674
1493
2745
9758
9068
5934
4536
913
3708
298
4744
995
4976
6732
8289
565
2917
5061
5538
9889
182
6009
1759
8333
2818
6170
9216
9655
1750
8519
4511
8613
458
5763
5646
4227
8042
3296
1088
8567
5105
1283
7016
2248
1321
8794
6650
1961
4664
9688
6977
4728
2493
2398
1652
9109
8944
1473
9000
4946
4307
3316
5746
5111
3914
3908
7669
3964
4585
6397
1764
2379
116
5819
8517
2117
6661
8089
4485
4148
574
2461
1476
8849
8524
7151
5422
5558
7404
7895
4864
2746
4843
6594
8494
4567
7705
4261
6743
1846
7316
8495
3742
3933
3976
6918
9614
7053
5504
4306
3522
4223
3541
598
2751
2888
4524
907
9141
1113
9012
2426
308
6079
7664
4112
3138
7977
303
1118
6966
9693
9562
3946
8933
5181
777
5167
556
4960
1142
5494
1124
5954
2872
4072
2319
7126
2644
4278
5376
4244
4918
185
1146
1764
6705
8220
5616
6430
952
2790
3302
5980
1966
2529
7238
4037
3333
7341
2475
3834
9374
4122
4068
1196
1501
1105
3668
3978
722
1145
5419
1262
5628
2523
5766
9922
6410
4524
6228
3762
1918
1978
5699
13
2472
654
7081
2155
6728
2630
9970
9141
4353
6090
4445
4002
8360
5675
7848
7128
8832
6625
9998
5406
9809
2557
384
2378
1989
2464
1466
4504
4346
7828
7394
4375
5483
9920
7049
7569
211
506
5986
184
7138
2691
3632
8759
5352
3867
3397
2410
6159
2600
8
1274
9066
881
464
7667
9537
1973
8851
5158
4458
7825
3857
5217
7443
5087
9203
9799
3078
7278
8380
2187
9247
1823
3766
6553
5444
1941
9082
6175
4159
338
8187
3744
9863
3606
6732
8003
6945
8292
2669
9986
5932
702
6205
3093
5374
1190
3613
8570
8236
1858
829
2722
4025
4433
7196
1433
9385
5825
5535
9991
6314
2987
6080
9840
7305
9097
5649
7840
3664
5137
410
986
2685
2040
9512
5541
580
5149
1323
7130
9220
1646
881
8576
1854
2855
5749
4186
6697
4160
9352
1317
3685
5858
8105
3410
5328
5191
730
5118
9901
6467
5257
7449
6863
7438
8030
9349
1957
5341
1544
8748
9759
997
3450
6698
5627
5774
2752
3008
9064
7925
3321
7827
6120
1452
5112
1711
6655
187
1473
1747
6863
7561
9358
7356
8765
4501
3631
6464
6234
605
5131
5559
8568
4823
7198
1549
7888
3243
7322
5748
4266
2448
539
6429
6782
3727
769
7807
5750
8239
5374
8072
2766
1422
2116
6894
5005
6600
5265
1400
5732
4748
2060
8627
2916
689
3523
7602
6704
872
6510
5323
2221
4178
341
6778
8338
9051
9168
5135
5368
8832
118
1957
193
2195
925
8954
6053
2399
283
604
8803
4983
7037
1210
7232
5228
7585
6300
4456
7511
7638
580
2267
4190
3837
4760
2725
8528
3775
9312
3112
1746
9505
8740
5049
3199
1359
9708
3264
6804
1029
460
1850
5788
589
6032
929
5022
9998
2883
4539
1094
8408
5549
5786
1604
1222
1887
296
8240
8728
7517
1864
1849
257
8855
8472
4797
6179
7526
7247
936
8141
3013
7036
2550
9525
5982
6076
2671
7420
170
399
2532
7764
3047
5544
409
4153
5349
855
3845
9533
4247
6651
6276
5161
1789
8427
2726
6595
8577
5369
8270
7637
6858
6182
6146
8112
2900
4749
3858
417
985
7451
3247
5317
8596
6007
4557
6367
8475
7108
873
7781
4310
3993
8402
2091
1571
4589
6553
1890
7802
6303
9379
6473
6561
3619
4273
6497
7448
3100
7836
605
6923
1469
1918
9212
3315
7185
9320
7514
8242
7396
8206
7091
5470
4664
3877
6195
8495
1749
5757
8997
4583
1764
6360
2900
844
6536
4591
3977
2061
1878
2519
1260
9325
9646
1545
7235
9733
5816
966
8690
4094
543
3425
9905
5706
7369
4072
6600
1078
9271
2415
6499
1336
4128
6488
6899
30
9173
4916
5655
3294
2011
526
287
6446
8651
7618
7039
2271
3198
1131
2641
3623
2931
7815
9469
4769
5971
4159
4954
7212
1875
8291
3627
4470
1503
428
2077
6022
163
3910
2996
2025
4509
1780
2924
772
7212
8573
2682
7961
9197
7522
3624
9238
9314
8179
8988
5599
5814
6722
5335
2737
358
5970
58
6348
9714
6521
6026
5648
8857
784
8077
1389
6294
8331
8243
6298
6841
8380
497
1587
8267
7471
853
6675
4713
4419
3908
843
6018
5039
3625
3244
6033
2450
1796
5947
2609
4101
8565
1638
2776
6436
8433
913
4331
3902
756
7039
5009
3825
3000
2226
8670
5440
2234
6519
960
1420
7561
2827
2495
4124
3912
1366
4387
8680
505
7649
2798
1925
3416
5930
7927
2536
5948
1188
6668
3107
8266
4806
7222
6803
2207
4378
3583
3479
2798
7961
2130
6454
6669
4274
6654
8016
3625
2738
1063
2100
6270
7040
6076
9810
9020
1253
7341
8424
3277
2560
4793
7674
8577
4852
4440
8167
2176
4681
7569
4327
9032
3460
8092
6434
6156
250
1445
4031
6110
9612
5698
8206
324
806
6087
5197
3577
6782
5026
9638
743
8078
5205
2779
5522
7073
1861
693
477
4435
5830
5744
6839
191
7732
7529
7489
8021
5959
2182
755
4348
2585
448
4540
2570
7616
2442
3184
2482
1578
3919
4983
5502
284
7571
3218
7300
9156
1161
3075
138
5513
3424
7558
3455
530
3969
5995
4649
8986
8392
787
2969
380
6986
1494
7520
236
6019
439
1835
6921
663
6745
5604
8812
4812
5918
6687
5130
9418
3548
6778
1757
7011
5736
8048
7860
4980
4893
676
5761
6979
1520
7183
7563
5919
9822
8790
199
3587
6494
7979
5310
9386
747
1522
2098
2669
4052
8267
8965
1971
1402
4252
6767
6567
2225
2521
5427
8906
4046
1728
8589
5574
3402
2640
6110
6205
2167
9783
8748
4385
1082
2235
42
6921
8928
8422
1317
3454
7055
3811
3226
3753
6614
7424
9324
1106
9837
7641
7747
1781
9499
1663
4230
5758
1115
6293
2782
4642
7297
1529
3392
1993
3388
4377
4650
8217
4607
3055
689
8838
4591
8866
6924
2605
875
9113
2784
844
7305
9832
3818
9201
8433
6235
2665
7642
2592
1938
9637
4783
9115
6471
9640
2238
8176
5675
8892
9476
4390
1337
9264
2600
5501
983
8725
7633
3574
2443
7132
3651
4922
284
5579
7444
7916
4203
5834
9120
5004
93
9401
2944
8765
8456
3146
5728
884
6165
5748
6672
1111
261
9989
7681
6555
7090
1377
2541
2592
22
5316
8468
395
4210
2719
7451
3003
5283
3211
3130
6716
7235
7455
4751
9065
6481
6247
9277
6202
7912
7284
5750
7292
6619
9275
4377
1798
4882
5400
1071
1120
5846
1641
7409
9068
7125
2897
5545
1882
6897
2060
8691
4623
2373
5104
7797
3614
859
230
8455
4557
4941
877
2310
4446
5255
5613
3783
7157
8153
9226
9906
83
7454
8432
8085
2470
909
3354
5363
8247
3387
3775
7809
6801
596
1226
118
7664
1166
243
931
1487
3779
2539
6367
2384
4121
919
4619
7959
2535
1883
5250
2264
2889
2528
2000
5953
9899
4180
9398
6689
1669
3512
1800
8539
4443
3279
4778
1829
4882
5417
3122
3664
8579
1126
6109
2178
6126
2299
4164
9359
3156
3720
557
6467
752
6927
9013
1330
5386
1695
3888
554
484
5714
8452
1459
4261
2275
2637
4820
8978
7346
9094
5234
9973
7500
8700
6905
7293
4644
3573
8760
6263
5989
5950
4081
1009
4582
4990
8580
2220
6220
3063
4573
1070
1719
1406
6997
8822
9086
7703
5352
1432
5087
3485
1545
892
646
2323
3263
9311
5067
1101
7489
2383
6168
4338
7752
3923
3900
5625
2717
4079
8878
6586
644
7891
3262
7554
852
1860
2083
7006
7461
3454
3692
2877
3221
1247
6174
1970
7961
683
4212
7155
7426
6534
5784
7903
6986
3767
333
8132
4506
8686
7447
2373
2691
2766
6014
2104
668
466
9862
3527
3459
6289
947
276
7983
1284
1967
7382
6635
4748
1693
1807
932
9990
2143
4476
2210
4270
4672
9610
1840
8973
7518
1008
3034
2875
4395
2942
4953
805
69
5861
6609
1459
932
9391
6563
2070
1192
996
3239
1534
161
8041
6020
1451
3491
9604
3499
6543
6434
2140
9585
7071
9523
756
8199
6572
3179
1511
5958
9381
2246
7189
7922
9286
8920
1077
2644
2893
9899
5284
2527
3385
8579
5910
4219
8007
5944
8866
3342
4116
3832
4969
918
1398
6381
1311
9517
4573
5212
6413
8648
7461
9578
7759
979
8291
9155
3745
7487
4370
5915
5802
1045
9801
7576
1067
7889
1455
5981
4565
6858
8056
9504
894
163
398
4551
7010
9383
8186
6508
9171
7154
9336
7283
1735
6912
8385
2025
8606
2654
8436
9165
4758
9060
5110
9296
1028
5078
342
7696
6522
5709
8781
625
3678
7029
6496
1109
8576
6530
1712
7490
8068
732
7025
2540
8302
8057
2043
3426
8399
5239
7529
2843
6383
4074
2230
272
4688
393
589
2947
4884
1777
3765
3812
4643
2667
8541
8800
2216
8431
7238
6477
9345
2455
4836
7440
1064
4244
8810
9086
3229
4884
6761
8677
7156
1360
9230
8447
6484
8851
2511
951
5081
1771
4357
1548
6778
8009
9710
5860
8152
4119
7522
325
70
4797
2807
6225
6587
6503
5755
6751
7244
51
5795
1982
2116
522
6409
8943
4894
2412
2297
9
145
9760
8916
2574
7952
2054
9905
583
9554
3883
9771
2756
7383
218
9982
6115
7200
4524
4544
1698
4358
7710
8054
5052
1292
4630
96
8068
6910
3892
8076
2791
5031
9790
4168
9172
7214
3189
2254
6301
253
138
6424
4861
4541
7853
2600
2201
4526
3406
6886
4080
1521
4273
3042
3863
4835
3322
8868
923
9552
1686
4056
8150
2382
8284
7053
4262
5975
8463
9798
8816
7839
8072
4052
9529
960
7259
6543
392
9425
3121
8966
6763
7058
3449
9026
6434
6603
5397
4126
8496
6176
5494
8435
6355
2728
4056
9036
3521
812
9414
8198
6497
9626
9486
9785
4291
4836
39
5685
7336
371
3316
3281
9958
7876
4071
2649
7332
7112
3704
4445
8699
1060
5182
8487
2817
7940
4042
6236
7130
1992
5906
9771
3141
1407
690
972
6218
1062
1161
5928
2738
1398
3675
8196
3583
2562
1157
656
8505
5591
4739
4811
3899
7114
8773
8779
2003
2796
8529
9013
7252
5283
315
9526
1169
4656
558
7953
8374
3163
1251
774
3928
7141
1246
8993
3739
1856
7577
2672
8736
6508
9826
9612
5606
9909
8464
369
9162
9160
2280
4836
6627
5706
6564
4671
9404
815
436
9617
2489
8241
1605
8560
5850
1811
2664
5304
1289
5239
3574
2573
9442
8372
4914
6546
1800
536
8807
5128
5401
8439
3307
6583
1433
6287
2074
5223
6082
319
7671
1198
7592
6939
1429
3760
9055
3974
4777
9569
6283
7338
6230
2266
6873
1971
5280
1269
8387
3518
4368
3415
778
8097
5142
976
4202
5673
8704
1674
5796
5035
7670
1330
4664
9516
7120
3334
6093
2290
4358
6180
1764
9688
5300
9482
5595
4137
7368
3250
1235
8246
7757
7307
4814
4142
7173
3889
4879
9786
6185
3795
9393
2952
8533
6696
1234
7985
7688
856
2522
3225
3502
6404
1441
8633
8138
1169
7443
7734
7852
3860
6657
2910
7645
8711
9623
7268
4649
2627
60
4097
6117
9838
6969
704
1489
4995
9101
5818
3088
9290
1715
3514
1500
5286
5713
329
9751
4293
5491
2807
9545
5454
2254
5824
7197
409
4446
275
3042
1532
9888
8701
2205
9439
9062
2757
9171
1715
1582
7486
9180
5455
1711
9185
8441
7260
4344
7802
7195
1843
2295
6935
5003
7825
5124
2095
6360
8438
7208
6472
5356
2080
1501
9571
9304
7521
6005
2722
5088
9504
3256
2832
465
1264
735
60
4736
6265
4106
376
9958
2465
3289
4932
5196
9194
6746
7493
433
6861
3116
8728
8081
9657
7461
4382
5131
1073
7834
8633
8429
7126
2649
9397
2854
7260
6104
4809
8314
2341
2997
1727
6124
1314
4633
7890
7158
4688
5874
9980
3962
7183
9878
4414
6300
1338
5383
3838
7709
2963
5247
2884
3644
3730
9803
1083
9837
1348
6422
3240
4743
2201
4531
4486
4501
3046
4187
2826
6958
253
6276
8003
7706
7581
675
8042
1607
6819
906
516
7017
9557
3245
5948
3528
1143
4444
5886
9428
5032
1283
38
6
5722
5557
9505
8213
1929
3371
2174
5945
2338
7145
7707
7723
2172
8285
3938
4292
1683
6450
7713
9455
4222
7939
4953
214
7529
9186
3860
1015
9928
8013
3080
6689
840
4873
4644
3001
4899
1203
2830
5197
7294
188
193
829
6130
299
9183
7494
6989
2473
6557
5223
6941
2095
1048
4402
5029
9549
8720
9376
2838
7542
8515
1699
8707
8178
4288
6732
4621
3543
8629
5151
9425
9253
1327
9911
8805
1369
5341
5502
6300
1257
180
2481
3321
7399
5347
3674
2297
4320
3396
3229
8647
2123
9764
4161
5579
5101
8228
8085
2752
70
8053
3717
1568
2881
2904
8635
4177
5741
4978
6349
8624
7713
3780
1362
1113
5087
7360
1883
7586
6445
2919
2103
4123
3428
9717
5947
2363
3108
7103
5605
7189
5982
2918
5577
2430
6775
1201
4249
8938
4392
3140
903
7961
8279
4977
1805
4354
377
2694
9971
8360
9830
3474
7218
9138
4875
1025
9308
2612
1990
5787
4559
9709
3894
5618
3701
62
8238
7527
6051
6448
7692
6335
8111
6803
5531
9445
4666
2740
4627
8654
5435
8952
751
9717
7676
1854
1471
910
1664
6733
4006
699
9809
7585
7218
3119
8378
4505
1093
6866
9433
3745
7680
2385
3759
3241
8161
2206
8957
2526
10000
4687
8361
2687
839
6219
5183
4655
9676
3800
4703
335
7603
5251
5133
3689
1453
6093
3163
335
9439
8817
4246
7650
6783
5995
366
7927
8338
8900
1298
2688
1443
2563
9044
9118
4234
6749
989
2592
1203
6728
3149
8795
8187
456
9836
1140
5650
2338
8878
9190
3729
4389
790
8380
9730
8180
2400
5419
1164
8331
4040
9405
3861
5598
3483
6122
3510
9364
6587
2156
7798
7761
727
3365
374
6919
8214
877
8633
6932
7627
7771
5228
8672
3148
7141
6429
5770
3354
7731
850
8828
4827
4514
3809
302
6850
4458
9586
8852
9630
372
2029
7294
2631
4525
4060
6087
4555
2580
5289
5938
4533
8159
8172
5372
2619
9358
8659
2409
5684
6784
9043
3694
888
5110
8133
6535
7009
133
4497
5152
671
4698
6553
8293
6035
7146
3097
5343
8360
8545
4690
4858
3646
1236
5284
411
6343
8906
8665
4141
6788
8554
8168
7528
2109
9854
8104
3746
6281
6414
9036
7880
5065
9455
7541
554
3323
4821
8434
4570
9565
8246
9816
621
2487
8944
2632
1374
5269
652
1819
1300
7957
6138
4275
9441
3308
3517
555
3433
2759
7732
9085
7018
1502
8916
1698
2786
8729
3482
5128
5400
1124
3890
720
9974
8471
7652
1218
2378
4306
8768
1618
53
5302
2356
2483
3031
1768
455
8186
3794
7422
792
1958
5303
6717
4849
8975
95
2664
6554
5177
4272
9133
3144
371
1124
9606
2568
8128
4134
8206
4102
8559
8329
4768
7760
9156
7656
5155
948
5727
23
8657
9005
4960
7115
4782
139
6345
6935
4350
4478
4879
9456
941
1807
4833
5374
8920
1082
8552
4358
8976
2456
3663
3569
4577
9178
165
8818
472
6680
1406
1299
4532
8284
9414
3273
9585
8534
7670
9801
3352
2013
2095
193
8674
4062
8108
9724
4726
9807
5175
6579
9592
3061
3834
1164
722
3956
5428
658
1065
1507
4424
4272
1537
8443
3609
1485
3505
7560
2535
4260
8324
9328
9588
5971
8647
2701
7200
2179
9711
797
1272
9813
2401
6047
6164
7359
7986
8713
5299
6407
6495
219
2622
368
3640
7308
7107
5474
7988
8624
1722
5418
6799
4998
4692
4080
9196
3800
57
3087
6181
6248
4642
6695
2073
6767
3192
5097
5170
3523
9569
4376
8354
4076
745
1938
5119
2473
6871
9433
5083
3985
2837
4620
6512
2876
2324
4827
3912
1547
4724
8469
6072
3949
7236
5311
9385
2268
1667
3874
5849
248
1679
5503
623
8489
5068
3635
4633
3994
4361
7275
1780
307
7560
7101
3887
5424
6579
4116
893
4578
2573
3678
3723
8348
8479
6337
3644
5964
6262
4613
6869
5611
5765
1670
1190
6177
7306
8339
4942
6526
5660
3728
1700
3092
85
4714
1628
6550
8865
1986
6237
5377
1741
6111
8814
1613
9809
10000
8949
5629
4715
5721
1780
9503
3989
1578
3837
404
2803
642
6062
2722
3545
9080
6345
4827
5815
7971
5744
5251
3460
439
8893
6527
4968
7177
6787
6948
6178
3549
6624
8460
5042
8138
1593
4694
5172
2681
706
5591
826
6075
5180
7084
4939
2262
8361
6392
7294
2153
4806
3346
8537
4717
2871
5232
1940
6948
8079
7916
3966
3346
1797
3779
884
3669
3983
9011
1963
7298
1301
2855
8118
4628
1002
7933
5393
870
494
7516
5236
9759
7559
1169
4864
5900
7552
6345
7122
2687
1084
4502
6106
5607
7949
4478
2695
427
9558
8057
3867
9806
8140
1343
896
3147
4995
9292
952
1368
7662
965
3952
1797
9729
6031
1969
6097
6652
9075
499
1971
149
78
671
2495
4115
7716
2752
6275
4673
2466
9048
2560
2664
256
4044
2770
3816
5675
9544
539
2899
623
2639
7723
6711
6858
6412
3334
7390
7520
6876
6191
4445
9478
1378
4868
1405
4330
2045
9667
8166
173
8831
4566
7446
6899
1790
3094
958
9294
4766
7308
9106
6610
5251
8426
807
2008
7130
4320
5118
1186
8215
4672
3747
8886
7970
2904
2709
5618
9014
7400
3196
2317
246
1406
1404
9195
3189
6285
7231
6994
5001
2328
4805
6714
1302
6109
4392
3086
7531
6889
637
247
2886
246
7489
3193
266
8647
778
1638
9479
2037
9840
3088
6848
2836
7971
6498
8121
9530
3499
5930
686
5001
833
1894
7226
1023
4674
3632
3939
4259
8678
9843
3664
4684
3810
2639
1259
8303
1240
8499
53
1999
5275
6351
6489
7086
1564
1083
6150
3042
2292
7824
9810
9520
5841
2324
9173
26
4174
9668
493
5680
379
5174
9045
4417
2492
946
1275
6469
3889
7933
8587
6521
5138
7118
4066
6611
8580
7530
6522
3571
1795
9849
4208
3118
4793
3886
4304
2491
1543
918
1402
1623
2659
5701
3707
6050
2409
9413
8890
5695
7252
8048
3638
2586
8910
9542
3348
5135
1305
7245
6921
6966
9887
912
7774
7435
6419
8674
1971
2000
7323
3657
1488
1999
3607
8954
6395
1015
6181
3151
5944
3442
7679
1256
5671
7927
9936
2765
8409
2450
1011
4663
6845
4942
3834
631
9957
1399
2502
8416
1396
8775
2378
3100
6046
9240
4070
3505
1872
684
6147
1215
7262
4102
2538
6935
7352
7192
6461
2574
8338
9396
8645
6162
9787
9980
2445
2179
9784
4256
3211
457
5708
1903
4527
750
7467
413
4450
8636
2296
5968
4979
6138
3701
8910
1151
4160
9609
1597
5797
2124
6124
4274
9685
393
908
5011
4007
3291
3141
5485
8355
4723
5667
9910
813
7397
2484
1962
1618
3311
2615
3741
8377
1961
8291
6418
9252
8010
41
5207
3033
9704
2000
4242
2125
7245
459
6896
9578
7468
4995
5006
439
194
7221
3706
9682
5464
9465
8275
1091
848
6075
358
2061
4788
8473
9506
1649
1403
631
5913
3783
1339
8217
1017
4180
883
4316
5298
9043
8359
2800
6390
8063
6476
4878
6680
4825
8895
1069
4258
9211
7715
1589
1041
743
91
4748
5337
5313
7009
670
1035
3057
2476
5350
187
5805
8580
6069
5118
9820
5509
2788
2331
207
9331
2863
9285
6887
4440
2920
2350
7931
1769
2690
4050
677
589
3744
252
6202
5258
7928
5234
7745
7648
2569
818
4592
4368
4233
4810
881
7910
966
3177
339
4667
4107
1835
2981
6031
9485
387
9636
3105
2187
3728
3334
4207
7986
6146
425
5921
7779
3473
1748
4450
4500
3581
9621
5928
4867
7941
5103
2843
9814
6267
3
3088
7984
1848
7821
8823
1234
5864
6139
3718
2640
2319
4571
6855
3969
4349
6691
591
64
5558
3861
628
7483
4661
3349
1261
7100
1957
7351
5315
3945
952
2371
1156
2420
9047
6453
7180
5650
6170
2565
3297
937
3322
2083
2
8125
1164
5030
2205
5547
401
3580
1036
3891
1984
2558
4645
1370
5952
9818
6515
5510
9528
2473
5551
2820
2615
9390
4825
4695
3603
6661
613
6288
2058
2150
8025
6541
8617
6744
6821
4075
5809
2351
7029
4846
1705
1723
1549
8456
6462
1155
4913
5073
3894
5719
7888
7673
9902
1038
4825
3556
9086
9144
9672
8661
1311
5158
366
6760
7767
3395
9635
4707
9295
6628
5302
418
4712
7806
5143
8720
6751
7009
3849
8862
4144
262
8031
2648
2024
4846
7453
7398
1299
6307
9561
8274
3312
181
7893
6202
7524
8
2970
3154
6337
4482
4697
4485
5907
109
2604
1407
4818
9514
5599
2034
8115
1195
3537
2349
4170
1857
9646
5934
6604
6040
2752
2486
9257
1224
7474
9123
5327
437
5905
4263
2304
3569
2763
2695
27
5201
1316
6163
9560
1109
8584
68
7669
1953
1186
5128
7689
6086
6125
3359
3393
2608
442
8170
6650
2147
3943
5771
5136
71
8598
9770
7749
2627
2722
4432
4738
7796
9869
9746
8084
7455
1720
9271
8336
1975
427
6047
3942
8840
5319
6047
7754
8639
6394
2532
5062
207
1088
1513
3821
713
3339
1423
3363
5427
9609
4653
9001
6082
2787
4471
940
6663
2837
68
9778
4377
2142
2155
2680
589
8767
4802
3580
7298
9543
738
8186
8303
4064
7576
7383
4568
4391
4560
9647
3960
2617
7065
9161
2409
1018
8429
1393
398
9983
2067
9252
3397
9489
8096
1875
3282
5274
7500
3894
9834
6772
1641
1419
3831
5180
3068
3010
9323
9749
9452
7837
7644
1505
5277
411
8835
8890
4937
1982
2953
5708
4346
9713
6602
9024
6448
8241
3949
4401
755
4714
2492
320
3453
3520
8062
2799
8500
1891
4601
476
4835
7564
8667
7560
1095
2462
4568
198
8648
5589
3069
6140
9787
6071
1664
373
377
3276
839
5963
8351
5080
3773
5850
3863
1832
5591
7172
2629
8034
3932
6579
1517
7175
3553
9522
2887
3961
2398
6140
6734
8569
4368
7765
4888
9457
3399
112
6731
2754
7284
4980
5019
9120
51
9289
3882
1007
3149
7098
958
8188
8296
8676
6928
4846
319
2665
648
7252
7977
3961
796
4547
5006
5588
7007
2370
4446
9426
7229
4020
6458
8072
3769
7088
6651
6484
708
343
304
6950
4786
1534
3250
3798
647
1707
7353
5271
8661
2161
1047
5586
1682
6170
7569
3447
9765
8857
7641
251
3155
1541
103
323
84
6957
3806
6813
4136
5166
9830
7625
7578
209
1116
4032
4751
4811
5641
3576
1206
1453
660
7255
2942
5078
9535
7500
2209
9499
8020
7568
7912
561
8764
2086
5825
5722
7454
3829
9056
3258
4391
1761
9650
3296
1556
3012
9328
9893
1558
2098
4366
5141
2872
235
1524
8562
6634
6569
5930
5603
5719
6322
4247
8349
7825
869
4125
234
582
5594
9422
3266
5103
74
5371
2363
5860
625
5326
1416
6643
746
5680
7043
72
3819
1785
5835
4282
1040
4205
4491
6490
1517
6044
9385
7695
2170
9515
1476
1494
1885
9695
753
8137
8560
3544
4226
7961
420
6942
6258
3997
6285
68
7754
7227
898
9104
7158
6092
6224
3508
1069
4793
9292
971
3104
7672
286
1327
4776
6162
2364
5335
5555
8899
7085
161
1286
7935
3007
3499
2255
1576
437
8281
3955
2608
3927
9616
1179
3863
9038
2747
4630
2986
880
9387
9294
8981
8190
8031
5262
6651
7871
8833
4664
5656
1983
3236
7969
8187
7641
9490
9493
175
5603
6859
353
3918
4280
4735
5524
9762
7662
6613
4026
7005
7130
7811
1944
9002
1607
3764
7023
3897
5471
7499
8434
9065
7835
9785
7229
9871
8162
5322
5242
6825
8837
4510
3034
4527
7658
903
9897
220
8419
859
4579
1801
470
9073
2510
4915
5918
5205
3590
3891
9718
4295
7551
3738
1615
2324
935
99
6762
5651
4804
8499
3294
9167
5696
7239
5465
8429
9193
4625
1695
2831
5397
8415
3823
7903
1114
9731
6351
35
1030
2933
3991
8112
6326
1912
584
2510
8303
2282
8749
6216
5210
2606
4397
580
9961
5473
4343
7642
349
8659
6453
7369
3969
8047
9727
2835
7095
1303
7020
1909
1103
9866
3395
657
7276
8847
3632
639
7685
1703
4623
2322
1047
6166
969
9377
3604
9243
451
3194
1125
412
6848
7181
1228
1415
515
1336
5658
4988
1118
8945
1392
803
508
9716
2174
6833
4113
3271
2682
7136
5507
9002
9217
4084
2805
3799
5531
6252
1483
9040
1272
6803
924
2680
8705
4286
7986
7905
5922
6614
7256
8233
6576
1402
1706
5678
2554
4203
3189
7643
3392
1149
5379
6564
7605
8340
5437
8055
2529
1528
8467
1828
1314
1792
7984
4425
9195
7438
3945
1914
6108
1859
2482
7856
7859
9542
7725
7107
4665
3410
2717
8286
4642
559
4375
1789
6328
2309
7989
3289
6273
3536
5547
9448
6042
6316
7
878
6990
8559
2406
1016
1194
5825
7167
4558
1537
9368
3178
2980
5163
7993
2724
1088
5195
8371
1757
8443
5508
1219
2625
9222
5883
7592
7338
5793
2474
2049
3087
2146
6838
4347
8602
5834
7124
2112
229
8200
5539
886
760
7933
6212
1026
3552
6249
90
8514
740
6630
9977
8902
3368
6034
7648
3865
9872
2863
7112
5697
2101
9638
8182
5690
9955
8195
9939
3576
433
5450
5891
1153
3702
1291
4592
7450
1911
9074
3497
5542
942
4701
6898
2459
9706
6465
1323
6266
1448
2055
1989
6161
4334
7117
4719
4358
868
3841
7468
417
7
8154
216
3820
9269
3694
3105
3424
1030
2269
4334
6507
5739
7542
5545
9919
8539
645
1203
9085
1709
8398
8807
5300
4593
8739
4126
874
8841
2454
3695
7645
8676
2031
7288
8258
1040
4983
7599
8179
5409
3175
3387
4722
1668
4262
2641
7643
9638
9819
1775
9195
212
8173
3942
35
8590
1640
2041
8831
5817
2514
7904
5935
4536
3103
8884
7833
3300
9673
1759
1838
6504
1952
2773
8828
7878
5755
1028
326
1156
5979
691
7827
8089
4462
3975
7234
1215
4919
5270
3099
1843
1689
433
1077
6585
4983
1108
3033
8077
6650
5944
6937
5458
7822
4837
6429
4629
4951
1705
9851
4777
9425
1694
5178
3817
8412
7687
5818
3986
3840
8138
3898
2965
4938
1564
3436
7715
6268
5987
5785
5972
7092
8593
7107
2358
8713
2408
9492
8577
2633
7238
8460
6208
6705
8504
9025
1347
8970
3844
9560
6222
4426
8513
2620
9977
6156
1517
1664
7971
3795
3198
8192
5076
5432
3403
8146
3429
7713
2717
4063
9822
7079
6170
8525
973
5970
5292
9556
3150
4583
6477
3360
253
2206
8883
7851
8215
7092
6556
665
9911
21
5017
5025
4928
6671
8185
9397
9236
8823
383
5691
753
7187
7193
6008
5710
1593
3253
3105
3416
3852
9430
9872
834
8100
909
8670
9316
9898
1349
1446
6953
1992
3667
8396
4051
8313
7483
574
2254
1965
2511
6506
6231
2728
7851
6434
679
3201
9037
9644
985
3398
5435
6921
5487
9215
1845
9549
3937
8910
1814
5109
3342
2042
8774
1497
7706
3478
8934
7477
2052
6298
3092
4695
9627
8369
8550
3082
5148
5801
7437
8013
3293
7125
8207
5519
2738
3589
7638
7686
540
8754
8782
8807
8726
7892
736
1095
6153
2850
5740
529
4554
1743
3837
8605
9891
2554
6581
2336
2476
5873
9123
8759
6828
295
4516
4670
6514
3192
317
9623
3805
4523
9457
2604
2246
1381
4484
185
373
871
5262
2266
7396
1944
84
7304
247
7138
7165
9255
3594
4962
9935
5421
5991
5904
1772
1998
3607
6824
4028
1848
2163
9507
3779
4749
4073
7524
4284
8917
8076
2761
515
4678
3105
5865
1940
2549
2987
4854
4822
4144
4829
4216
4151
6627
8730
9924
7930
9231
9387
1964
2462
4026
9648
60
9959
9620
6881
2130
5334
6878
8600
8216
8842
9831
7708
6182
7047
7757
5555
449
2765
236
6536
1908
6727
8594
2809
9423
7621
6531
8631
3906
9945
5888
259
1477
8655
469
1548
2509
8790
1134
925
1523
874
9949
6761
3043
157
