the 50 th smallest element in array is 45
the 50 top elements are:
999
999
998
997
997
997
997
996
996
991
985
985
982
982
976
976
975
975
974
974
973
973
972
972
971
971
970
969
967
967
966
965
962
961
960
958
957
957
957
957
956
955
954
954
952
952
952
950
949
946
the ascending order for the array is:
0
1
1
2
2
2
3
4
5
5
6
6
10
11
12
16
16
17
18
18
19
19
20
22
23
24
25
27
27
27
29
29
29
32
32
34
34
36
36
36
36
38
41
41
42
43
43
43
44
45
45
45
49
51
52
53
55
55
57
57
59
61
61
62
63
66
67
68
69
71
71
74
78
78
79
79
80
82
83
84
85
86
87
89
93
97
97
97
97
98
98
98
100
100
101
101
102
102
103
104
104
104
104
109
111
112
112
116
119
119
120
120
121
123
125
126
127
129
130
130
132
132
133
134
136
136
136
137
138
138
139
139
139
143
144
145
145
145
146
146
147
149
149
149
150
151
153
153
155
156
156
158
158
159
160
161
161
161
162
163
166
168
169
171
173
175
175
177
177
179
181
182
183
185
187
187
187
187
188
189
190
191
192
195
197
201
201
202
203
203
204
204
205
205
207
208
209
209
209
209
210
211
212
212
214
215
216
216
216
217
217
221
221
222
225
225
226
227
228
229
229
233
234
236
238
238
239
239
239
241
242
243
244
245
246
247
249
250
251
253
254
255
255
255
255
257
258
258
260
264
266
267
269
270
270
271
272
273
274
275
276
276
277
278
278
279
282
283
283
285
285
286
286
288
288
289
290
292
292
293
294
297
297
297
298
298
298
299
299
300
303
304
305
305
305
306
306
307
307
309
309
309
309
311
312
312
313
313
315
315
316
317
319
319
321
321
325
325
325
326
327
328
329
329
329
330
335
336
337
338
338
338
338
340
340
342
343
343
343
344
347
349
350
351
351
352
352
353
353
353
354
356
361
363
363
364
367
367
367
368
370
371
371
374
377
379
380
380
381
381
381
381
382
382
384
387
388
388
388
389
391
391
392
392
393
394
399
399
400
402
405
406
408
408
409
410
411
414
414
415
416
417
418
418
419
421
421
421
423
423
423
423
423
423
424
424
424
426
427
431
431
431
431
432
432
435
435
437
437
438
442
442
443
445
445
446
447
447
448
452
453
454
456
457
457
462
462
463
463
465
466
467
467
467
469
470
471
472
473
474
475
476
476
477
477
477
479
480
482
485
485
486
486
489
490
491
491
494
499
501
505
505
506
514
514
516
517
517
518
519
521
521
522
523
524
525
525
525
526
526
530
531
531
531
533
534
534
535
535
536
537
539
541
541
542
543
543
544
546
547
550
551
551
553
554
554
554
555
555
555
556
557
557
558
558
559
559
559
559
560
561
561
562
563
563
563
563
565
565
565
565
572
573
573
575
575
576
579
580
580
582
583
583
586
586
587
587
588
588
588
590
590
591
591
592
592
594
594
594
594
596
596
596
598
598
602
602
602
606
606
606
607
608
609
609
611
611
611
613
616
616
617
619
619
621
623
624
625
625
625
626
627
628
629
630
631
632
633
633
633
633
634
635
635
636
638
639
639
640
642
646
646
646
646
647
648
648
651
651
652
653
653
655
656
656
656
658
659
659
661
661
662
664
665
666
666
666
667
668
668
669
669
669
671
672
672
674
674
674
676
676
677
677
677
678
679
679
681
684
685
687
688
688
690
690
690
691
693
696
698
698
699
699
704
705
706
707
708
713
713
713
714
715
716
716
717
718
719
720
721
721
721
722
722
725
727
727
727
728
728
728
728
729
730
731
731
732
732
733
733
733
733
734
734
737
738
739
740
741
743
744
746
748
748
751
752
752
752
753
753
753
755
755
755
756
756
758
758
759
760
760
763
764
764
764
764
766
767
770
770
771
772
772
772
773
775
775
775
777
777
777
777
779
779
781
781
781
782
783
783
784
784
784
786
787
789
792
793
794
796
798
798
799
800
800
800
801
802
803
804
805
805
806
807
808
810
813
815
816
817
820
820
820
823
824
824
825
825
825
826
828
828
830
831
831
832
833
833
834
835
837
837
839
840
840
841
841
841
841
841
842
842
843
843
843
844
845
846
847
847
850
850
850
852
853
854
854
854
855
855
856
856
857
857
858
858
859
859
860
860
861
862
864
865
865
865
865
866
867
867
867
868
869
869
870
870
872
876
876
877
878
879
879
879
881
882
882
884
884
884
884
888
888
892
893
896
899
901
902
903
904
905
909
909
910
910
911
912
914
914
918
923
923
923
925
927
927
928
929
930
931
934
935
937
937
938
939
941
943
944
946
949
950
952
952
952
954
954
955
956
957
957
957
957
958
960
961
962
965
966
967
967
969
970
971
971
972
972
973
973
974
974
975
975
976
976
982
982
985
985
991
996
996
997
997
997
997
998
999
999
