the 45 th smallest element in array is 65
the 45 top elements are:
20000
19993
19989
19988
19981
19976
19972
19968
19967
19967
19967
19965
19964
19963
19962
19959
19956
19955
19955
19953
19952
19950
19948
19946
19935
19934
19926
19925
19923
19923
19921
19916
19915
19913
19909
19905
19903
19900
19896
19896
19896
19894
19894
19894
19893
the ascending order for the array is:
1
1
4
5
6
8
9
10
10
12
13
14
17
17
17
18
19
20
21
22
22
23
24
24
27
29
29
33
33
34
35
35
38
39
40
41
49
50
50
53
53
56
59
62
65
65
67
72
74
75
76
77
77
83
83
85
86
88
89
93
97
99
102
103
104
107
110
111
113
113
115
121
124
125
128
129
130
130
136
141
144
146
147
150
152
154
155
156
157
157
157
159
164
167
171
172
172
174
180
183
185
186
186
188
191
194
196
200
201
203
206
207
208
214
220
222
223
223
225
226
227
229
230
239
239
246
248
251
253
254
255
259
259
262
262
262
267
267
270
270
271
271
271
273
275
275
276
277
278
280
283
289
290
291
292
295
296
296
296
297
302
303
304
308
310
311
314
318
320
326
334
334
337
338
343
347
348
348
349
354
355
355
357
358
358
358
361
363
364
364
369
370
371
377
378
379
386
388
390
393
394
395
398
398
400
403
404
406
410
411
411
411
416
416
416
417
418
419
421
424
430
435
435
435
437
437
443
443
444
449
449
450
450
451
454
456
457
458
461
469
476
476
478
481
484
486
495
498
500
503
505
506
507
508
510
512
513
514
514
514
515
516
520
520
521
523
524
527
528
529
531
534
539
544
546
549
549
549
553
558
561
564
565
569
570
571
575
576
577
585
586
587
589
591
593
595
598
598
603
604
605
605
606
607
608
611
614
615
615
619
625
626
628
632
641
642
644
647
649
650
652
654
655
655
657
658
659
667
667
668
669
671
673
678
681
682
682
683
685
690
691
694
696
697
697
698
700
701
703
711
714
715
716
716
717
723
724
724
726
726
727
728
732
736
737
738
746
747
749
751
753
757
758
759
760
760
761
761
762
772
772
776
778
778
782
783
784
785
787
789
791
793
794
794
797
798
799
801
804
805
805
807
807
808
809
811
812
815
816
816
818
818
819
822
824
826
828
831
834
837
839
840
843
849
853
854
855
862
862
864
865
866
867
868
873
874
878
880
881
882
882
882
884
887
889
892
893
893
893
893
894
896
897
902
902
903
904
907
913
921
921
921
922
922
925
931
932
938
942
943
944
946
949
958
959
959
962
963
963
963
965
967
972
974
975
981
982
982
982
988
989
991
992
996
996
1000
1008
1010
1013
1014
1015
1016
1020
1022
1023
1024
1025
1026
1027
1034
1035
1036
1036
1039
1039
1042
1043
1052
1052
1052
1053
1054
1056
1056
1056
1057
1057
1058
1058
1060
1060
1061
1064
1065
1065
1067
1067
1076
1077
1079
1080
1081
1082
1083
1084
1085
1086
1087
1092
1093
1097
1098
1100
1100
1101
1102
1112
1113
1114
1124
1125
1129
1131
1137
1137
1139
1140
1141
1142
1146
1147
1153
1154
1157
1162
1167
1167
1173
1174
1184
1185
1187
1190
1194
1195
1198
1203
1203
1208
1210
1211
1214
1214
1217
1217
1217
1218
1220
1220
1221
1221
1221
1222
1224
1224
1226
1227
1235
1236
1237
1237
1238
1243
1248
1251
1261
1266
1266
1266
1267
1273
1277
1277
1279
1279
1280
1281
1284
1285
1287
1289
1289
1291
1295
1295
1297
1307
1309
1309
1316
1318
1325
1327
1335
1337
1339
1341
1344
1345
1346
1351
1351
1353
1353
1353
1355
1357
1358
1359
1359
1359
1361
1363
1364
1364
1365
1365
1368
1370
1373
1374
1374
1376
1377
1377
1378
1384
1400
1401
1405
1405
1405
1408
1411
1415
1417
1419
1421
1425
1427
1428
1430
1430
1430
1431
1437
1440
1448
1449
1451
1451
1456
1459
1459
1460
1463
1463
1464
1466
1468
1470
1471
1473
1476
1478
1478
1478
1480
1483
1489
1491
1493
1494
1495
1496
1497
1499
1503
1503
1504
1506
1514
1515
1515
1516
1518
1519
1520
1521
1525
1531
1532
1539
1542
1544
1544
1545
1548
1548
1549
1551
1551
1555
1555
1561
1561
1564
1566
1571
1575
1578
1580
1585
1590
1597
1598
1602
1602
1602
1603
1603
1603
1604
1609
1610
1612
1612
1614
1623
1623
1624
1626
1628
1633
1638
1641
1641
1646
1647
1650
1652
1653
1655
1659
1662
1666
1667
1670
1671
1674
1675
1681
1681
1682
1683
1683
1686
1687
1688
1688
1689
1690
1690
1692
1697
1705
1705
1712
1714
1715
1716
1722
1722
1722
1724
1726
1727
1730
1731
1734
1735
1735
1738
1739
1743
1745
1746
1747
1754
1755
1755
1756
1766
1766
1767
1769
1779
1783
1785
1785
1786
1790
1792
1793
1798
1802
1805
1808
1808
1811
1811
1811
1811
1816
1816
1817
1817
1818
1818
1820
1822
1822
1823
1826
1827
1828
1829
1831
1835
1836
1838
1838
1842
1842
1844
1846
1851
1855
1860
1860
1861
1862
1862
1863
1863
1864
1864
1865
1867
1874
1874
1875
1876
1880
1880
1885
1886
1888
1891
1891
1894
1895
1898
1899
1902
1902
1903
1904
1909
1910
1911
1912
1913
1913
1913
1913
1920
1926
1931
1933
1933
1935
1935
1938
1943
1944
1952
1953
1961
1962
1964
1970
1975
1977
1979
1984
1994
1996
1998
1999
2000
2001
2002
2002
2003
2003
2006
2007
2014
2016
2017
2017
2018
2025
2033
2035
2036
2039
2040
2040
2043
2046
2048
2049
2050
2057
2059
2062
2062
2066
2068
2071
2074
2075
2076
2076
2077
2078
2078
2080
2081
2082
2083
2086
2088
2089
2093
2095
2095
2097
2099
2103
2106
2108
2109
2109
2110
2112
2113
2114
2121
2126
2129
2130
2132
2132
2134
2136
2139
2140
2140
2142
2142
2145
2149
2150
2160
2160
2164
2165
2167
2167
2169
2175
2175
2181
2185
2187
2189
2191
2194
2195
2196
2198
2198
2199
2201
2202
2202
2205
2206
2208
2210
2211
2214
2214
2216
2220
2226
2226
2229
2230
2235
2236
2242
2244
2244
2245
2247
2249
2249
2250
2251
2254
2254
2257
2262
2265
2266
2267
2275
2278
2279
2284
2284
2287
2288
2293
2295
2295
2295
2295
2297
2301
2305
2309
2312
2313
2315
2317
2319
2319
2324
2327
2329
2331
2334
2335
2335
2336
2336
2338
2343
2345
2347
2348
2348
2349
2349
2350
2351
2355
2357
2357
2357
2360
2362
2368
2368
2369
2370
2373
2374
2374
2376
2377
2378
2378
2380
2380
2382
2383
2386
2387
2387
2387
2391
2392
2392
2392
2393
2394
2395
2395
2395
2396
2396
2397
2397
2399
2402
2407
2413
2416
2417
2417
2419
2424
2425
2425
2426
2430
2434
2440
2443
2446
2447
2451
2453
2456
2457
2459
2465
2466
2467
2469
2474
2478
2490
2492
2493
2504
2506
2508
2509
2510
2511
2515
2516
2517
2518
2525
2527
2528
2530
2531
2533
2534
2541
2544
2545
2546
2549
2550
2550
2551
2552
2553
2554
2556
2556
2557
2566
2567
2567
2568
2570
2570
2571
2572
2572
2579
2579
2579
2579
2580
2580
2583
2583
2583
2584
2585
2588
2588
2590
2594
2595
2595
2597
2598
2600
2604
2606
2610
2611
2611
2612
2615
2620
2620
2620
2622
2625
2630
2631
2631
2639
2646
2646
2647
2649
2649
2651
2653
2654
2654
2655
2657
2658
2658
2659
2661
2661
2661
2664
2665
2669
2669
2673
2675
2676
2679
2679
2681
2681
2683
2686
2687
2687
2690
2691
2691
2692
2694
2698
2700
2700
2701
2710
2710
2715
2717
2717
2722
2722
2723
2725
2725
2726
2727
2728
2729
2732
2732
2733
2736
2738
2739
2740
2740
2743
2743
2745
2749
2750
2751
2752
2755
2757
2757
2757
2759
2759
2760
2763
2763
2765
2765
2768
2770
2772
2775
2779
2780
2787
2787
2788
2788
2791
2793
2799
2800
2801
2803
2805
2811
2811
2812
2812
2812
2813
2814
2818
2825
2828
2829
2830
2830
2830
2830
2831
2832
2837
2837
2839
2845
2846
2846
2846
2847
2847
2848
2849
2850
2852
2853
2853
2855
2862
2865
2865
2866
2867
2868
2868
2869
2870
2870
2872
2872
2873
2875
2879
2884
2884
2884
2889
2890
2891
2897
2900
2900
2900
2904
2905
2906
2906
2909
2913
2913
2915
2915
2915
2917
2919
2919
2921
2923
2925
2926
2926
2928
2929
2930
2933
2934
2937
2938
2942
2943
2945
2949
2952
2952
2960
2962
2965
2965
2967
2969
2971
2972
2974
2979
2981
2982
2983
2984
2990
2993
2995
2998
3000
3003
3004
3008
3009
3010
3018
3024
3026
3029
3029
3029
3031
3032
3034
3037
3039
3039
3040
3041
3041
3042
3046
3049
3053
3056
3057
3057
3057
3057
3059
3060
3063
3064
3079
3087
3087
3088
3089
3091
3093
3093
3097
3099
3099
3101
3105
3106
3106
3106
3107
3108
3113
3113
3115
3115
3117
3117
3117
3117
3118
3121
3126
3131
3131
3136
3139
3142
3143
3143
3146
3147
3148
3149
3151
3152
3153
3154
3158
3162
3163
3165
3165
3168
3169
3170
3172
3173
3174
3175
3175
3180
3181
3184
3187
3187
3187
3189
3191
3194
3199
3199
3202
3205
3206
3206
3211
3212
3217
3217
3219
3220
3221
3222
3225
3227
3229
3232
3233
3236
3237
3240
3240
3242
3243
3243
3244
3247
3253
3254
3254
3255
3256
3257
3258
3259
3260
3261
3262
3264
3264
3265
3270
3272
3273
3273
3275
3276
3279
3280
3284
3284
3284
3285
3295
3300
3302
3302
3303
3307
3307
3311
3313
3314
3314
3317
3319
3321
3321
3323
3325
3328
3331
3333
3341
3342
3343
3343
3348
3352
3354
3355
3355
3359
3359
3359
3363
3366
3367
3368
3369
3372
3372
3376
3377
3380
3381
3381
3382
3383
3386
3388
3388
3391
3393
3394
3394
3395
3396
3404
3404
3406
3409
3410
3412
3413
3413
3414
3414
3417
3417
3417
3421
3422
3431
3432
3435
3437
3438
3445
3445
3446
3458
3458
3460
3463
3464
3465
3465
3468
3470
3471
3476
3476
3477
3479
3481
3482
3484
3488
3488
3489
3491
3495
3499
3501
3502
3509
3510
3511
3511
3514
3516
3517
3522
3523
3523
3526
3529
3529
3531
3532
3533
3535
3538
3539
3539
3542
3542
3543
3543
3547
3548
3551
3554
3554
3555
3562
3566
3570
3577
3578
3581
3584
3585
3586
3586
3589
3590
3594
3595
3595
3597
3599
3599
3600
3603
3604
3605
3606
3607
3608
3610
3612
3613
3616
3622
3622
3622
3624
3628
3629
3629
3630
3634
3639
3640
3643
3644
3646
3648
3648
3650
3650
3651
3653
3658
3659
3659
3660
3662
3663
3664
3664
3665
3668
3671
3672
3678
3681
3685
3685
3685
3686
3687
3687
3691
3691
3695
3697
3698
3702
3707
3708
3708
3710
3712
3713
3713
3714
3716
3718
3719
3719
3725
3727
3728
3731
3734
3734
3738
3742
3744
3745
3747
3753
3753
3759
3761
3763
3765
3770
3770
3776
3777
3778
3778
3782
3785
3785
3786
3786
3786
3786
3788
3793
3793
3793
3794
3795
3796
3802
3808
3808
3808
3811
3817
3819
3819
3819
3820
3820
3822
3822
3824
3825
3828
3828
3833
3834
3841
3842
3842
3843
3844
3845
3846
3846
3852
3853
3854
3857
3862
3863
3865
3867
3868
3869
3870
3870
3875
3879
3882
3883
3884
3884
3893
3893
3896
3900
3901
3903
3908
3916
3916
3917
3918
3918
3918
3919
3921
3921
3922
3922
3923
3924
3926
3928
3933
3933
3934
3938
3940
3940
3941
3944
3946
3946
3952
3959
3963
3964
3965
3969
3971
3979
3980
3981
3988
3989
3991
3992
3994
3997
4000
4002
4002
4004
4005
4007
4009
4010
4011
4016
4016
4018
4019
4026
4028
4030
4031
4032
4032
4033
4038
4044
4044
4045
4046
4047
4048
4050
4051
4052
4054
4055
4059
4060
4060
4063
4063
4066
4066
4067
4067
4070
4072
4073
4074
4079
4080
4080
4081
4086
4087
4091
4091
4092
4097
4098
4099
4099
4099
4100
4101
4103
4103
4104
4108
4108
4108
4109
4110
4110
4112
4113
4114
4117
4117
4118
4119
4119
4119
4119
4121
4122
4123
4123
4124
4125
4126
4126
4127
4128
4130
4131
4132
4134
4136
4136
4138
4141
4142
4142
4144
4148
4148
4149
4150
4160
4165
4165
4166
4172
4173
4174
4175
4178
4178
4185
4187
4188
4189
4189
4194
4196
4196
4201
4202
4202
4203
4204
4204
4206
4208
4211
4214
4214
4219
4220
4220
4221
4221
4223
4223
4225
4228
4228
4233
4239
4241
4244
4244
4245
4248
4248
4251
4252
4253
4253
4254
4259
4263
4267
4268
4271
4273
4274
4275
4275
4276
4283
4284
4289
4289
4291
4294
4295
4296
4303
4303
4306
4307
4307
4309
4311
4315
4321
4324
4329
4329
4334
4334
4337
4339
4341
4342
4342
4344
4345
4347
4351
4351
4352
4354
4354
4354
4355
4356
4357
4359
4362
4362
4364
4370
4370
4373
4374
4376
4377
4378
4379
4382
4382
4384
4385
4385
4389
4389
4390
4398
4399
4400
4405
4412
4413
4420
4422
4422
4427
4431
4433
4433
4443
4444
4447
4449
4450
4452
4456
4457
4458
4458
4459
4460
4461
4466
4466
4468
4474
4475
4482
4482
4484
4485
4487
4489
4491
4494
4495
4502
4503
4504
4508
4510
4514
4516
4522
4524
4527
4529
4533
4536
4537
4538
4539
4541
4545
4554
4554
4556
4557
4557
4558
4559
4562
4564
4566
4567
4568
4569
4575
4577
4582
4582
4583
4584
4587
4589
4590
4591
4593
4595
4596
4605
4608
4608
4612
4612
4612
4612
4613
4615
4618
4618
4621
4621
4622
4625
4626
4627
4628
4631
4636
4640
4641
4646
4649
4652
4653
4654
4654
4656
4658
4659
4662
4665
4666
4669
4672
4677
4680
4683
4683
4687
4690
4691
4693
4695
4696
4696
4697
4704
4705
4708
4710
4710
4711
4712
4714
4717
4721
4722
4723
4723
4723
4727
4727
4727
4729
4730
4731
4735
4739
4745
4748
4749
4751
4755
4757
4759
4764
4764
4767
4767
4768
4770
4770
4770
4770
4775
4778
4781
4785
4785
4790
4790
4792
4795
4797
4798
4798
4799
4802
4803
4805
4806
4807
4810
4811
4822
4822
4823
4823
4824
4826
4833
4833
4834
4836
4840
4841
4841
4843
4845
4845
4850
4852
4854
4856
4857
4860
4862
4863
4864
4864
4865
4865
4865
4866
4868
4868
4869
4871
4872
4872
4873
4874
4878
4879
4883
4883
4884
4884
4884
4885
4888
4888
4899
4900
4901
4904
4907
4908
4911
4915
4915
4916
4920
4922
4922
4926
4928
4931
4934
4934
4939
4944
4945
4946
4947
4957
4959
4962
4965
4965
4966
4967
4967
4968
4972
4974
4975
4981
4982
4982
4982
4983
4985
4993
4993
4995
4996
4997
4997
5000
5001
5002
5003
5005
5005
5009
5012
5012
5013
5016
5016
5017
5021
5023
5024
5025
5025
5026
5036
5036
5040
5043
5043
5045
5053
5067
5069
5069
5072
5072
5079
5080
5081
5084
5087
5088
5088
5092
5093
5096
5097
5103
5108
5110
5112
5116
5117
5118
5118
5121
5127
5129
5132
5135
5135
5136
5138
5139
5140
5142
5144
5146
5147
5149
5151
5151
5158
5161
5161
5162
5164
5166
5167
5168
5169
5179
5181
5183
5184
5188
5194
5197
5197
5202
5204
5205
5212
5213
5213
5214
5217
5220
5222
5229
5231
5241
5247
5247
5248
5251
5251
5256
5262
5262
5268
5273
5276
5276
5277
5277
5281
5281
5281
5290
5290
5298
5300
5301
5302
5305
5305
5307
5307
5310
5311
5313
5318
5321
5324
5326
5327
5329
5333
5335
5337
5341
5341
5342
5344
5344
5345
5348
5349
5349
5351
5352
5359
5360
5361
5363
5363
5365
5366
5367
5369
5371
5371
5372
5374
5374
5375
5376
5377
5379
5379
5381
5381
5382
5384
5386
5386
5387
5391
5393
5394
5396
5398
5398
5400
5403
5405
5405
5407
5410
5410
5413
5414
5416
5417
5417
5418
5419
5420
5423
5425
5425
5426
5428
5430
5431
5431
5433
5435
5435
5436
5440
5442
5447
5450
5452
5454
5464
5469
5471
5473
5474
5478
5483
5485
5487
5491
5495
5496
5497
5498
5500
5504
5505
5506
5507
5510
5512
5512
5512
5520
5520
5525
5526
5532
5533
5536
5539
5540
5542
5544
5549
5549
5551
5553
5555
5555
5559
5563
5566
5575
5577
5582
5585
5586
5589
5590
5591
5593
5594
5596
5596
5596
5599
5599
5600
5600
5601
5604
5609
5610
5614
5615
5617
5617
5620
5625
5630
5630
5631
5631
5635
5636
5639
5640
5641
5642
5643
5644
5644
5645
5646
5646
5648
5649
5651
5654
5656
5658
5659
5660
5661
5661
5669
5671
5672
5672
5673
5675
5677
5677
5682
5682
5685
5685
5685
5688
5688
5688
5688
5688
5691
5696
5698
5698
5700
5707
5707
5707
5713
5713
5716
5717
5723
5723
5727
5727
5728
5728
5731
5732
5733
5736
5738
5738
5740
5746
5746
5747
5749
5751
5751
5752
5752
5753
5755
5758
5759
5761
5764
5766
5766
5766
5766
5770
5770
5772
5775
5776
5776
5778
5783
5786
5788
5789
5790
5790
5790
5791
5793
5795
5795
5797
5797
5798
5799
5806
5809
5810
5813
5813
5819
5821
5824
5826
5827
5831
5831
5832
5833
5833
5834
5834
5835
5836
5838
5839
5840
5847
5850
5853
5854
5855
5863
5864
5867
5869
5871
5874
5874
5878
5878
5881
5883
5883
5886
5886
5889
5889
5893
5897
5904
5909
5912
5916
5919
5920
5920
5921
5921
5921
5923
5929
5930
5931
5932
5933
5933
5934
5934
5935
5936
5940
5943
5943
5945
5951
5954
5957
5961
5961
5961
5961
5964
5964
5970
5970
5971
5972
5974
5976
5977
5978
5979
5988
5991
5995
5996
5997
5997
6001
6002
6004
6006
6007
6010
6012
6012
6014
6015
6016
6019
6024
6025
6025
6032
6034
6037
6039
6040
6041
6043
6044
6045
6047
6049
6049
6053
6056
6056
6057
6059
6059
6063
6064
6068
6072
6074
6079
6081
6083
6086
6086
6086
6087
6090
6093
6094
6097
6099
6101
6102
6104
6110
6110
6111
6112
6112
6114
6115
6116
6117
6117
6119
6121
6122
6123
6124
6125
6126
6127
6129
6132
6132
6133
6136
6137
6138
6140
6144
6148
6148
6149
6149
6155
6155
6156
6156
6156
6156
6157
6160
6164
6165
6166
6166
6169
6170
6174
6176
6176
6177
6179
6180
6182
6187
6190
6192
6193
6196
6197
6197
6199
6201
6201
6202
6202
6204
6204
6212
6213
6217
6218
6219
6223
6223
6229
6230
6233
6233
6234
6235
6236
6238
6242
6244
6245
6248
6248
6250
6251
6259
6261
6262
6264
6270
6270
6272
6276
6277
6278
6278
6279
6285
6292
6294
6295
6298
6299
6300
6300
6300
6302
6303
6304
6308
6314
6314
6315
6318
6319
6321
6324
6324
6329
6330
6333
6333
6334
6336
6337
6343
6343
6347
6350
6354
6356
6358
6358
6363
6364
6364
6366
6374
6374
6377
6382
6382
6392
6398
6399
6401
6401
6404
6404
6406
6411
6412
6413
6413
6415
6415
6415
6418
6418
6420
6421
6422
6423
6425
6427
6428
6428
6432
6433
6434
6435
6435
6436
6439
6441
6441
6443
6443
6444
6444
6445
6445
6446
6449
6454
6455
6458
6461
6463
6463
6465
6466
6467
6468
6471
6471
6476
6477
6477
6478
6478
6482
6483
6487
6495
6497
6501
6504
6506
6508
6510
6513
6513
6516
6518
6518
6518
6519
6525
6526
6527
6527
6527
6528
6528
6529
6529
6529
6530
6530
6534
6535
6537
6537
6538
6538
6539
6544
6546
6547
6548
6549
6549
6550
6551
6551
6553
6554
6555
6555
6559
6560
6562
6563
6564
6570
6571
6572
6578
6578
6581
6582
6583
6583
6592
6592
6593
6595
6596
6597
6598
6600
6600
6605
6605
6606
6607
6608
6608
6609
6610
6610
6612
6614
6616
6617
6619
6621
6621
6626
6627
6627
6628
6637
6639
6644
6644
6645
6646
6648
6649
6655
6656
6657
6657
6658
6659
6661
6662
6663
6664
6669
6670
6671
6671
6672
6674
6675
6678
6678
6681
6681
6686
6688
6689
6689
6690
6693
6694
6696
6698
6706
6706
6706
6708
6710
6711
6718
6718
6727
6731
6733
6736
6737
6741
6746
6747
6750
6750
6754
6754
6760
6763
6764
6767
6771
6775
6775
6778
6783
6784
6787
6789
6792
6794
6795
6796
6801
6802
6802
6802
6804
6807
6812
6818
6822
6822
6823
6826
6831
6832
6834
6838
6841
6843
6843
6845
6848
6851
6854
6855
6857
6858
6865
6867
6868
6868
6871
6871
6873
6878
6880
6882
6886
6887
6887
6891
6894
6894
6894
6894
6896
6900
6900
6904
6905
6906
6906
6910
6915
6919
6919
6919
6922
6926
6932
6933
6934
6936
6937
6939
6941
6943
6944
6945
6946
6948
6949
6953
6954
6955
6955
6956
6956
6962
6962
6965
6969
6969
6969
6970
6971
6971
6972
6976
6976
6979
6984
6984
6985
6992
6994
6994
6995
6996
6998
7002
7004
7004
7007
7009
7010
7011
7017
7017
7018
7022
7022
7028
7028
7029
7030
7030
7032
7034
7038
7039
7042
7046
7047
7047
7055
7058
7058
7059
7062
7065
7066
7070
7070
7074
7075
7080
7081
7085
7085
7085
7088
7089
7094
7095
7096
7097
7101
7108
7113
7118
7121
7121
7126
7129
7131
7131
7132
7133
7135
7135
7138
7141
7141
7143
7143
7147
7147
7153
7156
7156
7161
7165
7168
7170
7170
7171
7175
7175
7177
7179
7181
7183
7184
7185
7186
7190
7200
7201
7204
7206
7207
7210
7211
7211
7212
7212
7218
7221
7221
7222
7223
7227
7229
7230
7231
7232
7232
7233
7235
7236
7237
7239
7241
7242
7243
7245
7247
7251
7254
7254
7258
7266
7266
7267
7268
7280
7281
7283
7285
7288
7293
7295
7299
7303
7303
7303
7304
7305
7307
7313
7315
7315
7316
7317
7321
7324
7325
7325
7330
7334
7336
7336
7339
7340
7340
7341
7342
7344
7351
7351
7352
7353
7354
7355
7357
7361
7364
7366
7366
7368
7371
7371
7376
7380
7384
7385
7392
7397
7400
7400
7403
7403
7404
7404
7404
7404
7406
7407
7407
7407
7410
7410
7414
7414
7416
7417
7417
7418
7422
7424
7427
7427
7428
7432
7432
7436
7436
7438
7441
7442
7449
7450
7450
7451
7452
7454
7454
7455
7455
7456
7456
7456
7458
7459
7459
7460
7462
7463
7465
7465
7466
7473
7474
7477
7478
7478
7484
7485
7486
7489
7492
7493
7501
7505
7506
7508
7509
7510
7512
7513
7514
7520
7523
7525
7526
7529
7529
7534
7538
7549
7549
7552
7553
7554
7558
7561
7562
7564
7564
7566
7567
7567
7568
7568
7572
7574
7579
7583
7586
7587
7589
7590
7590
7591
7592
7592
7594
7596
7597
7600
7601
7603
7611
7617
7620
7624
7625
7626
7629
7629
7631
7632
7635
7636
7641
7642
7642
7642
7643
7645
7645
7648
7653
7654
7655
7656
7656
7658
7659
7661
7661
7667
7669
7671
7672
7674
7675
7678
7681
7685
7694
7694
7698
7698
7701
7701
7703
7705
7708
7715
7718
7720
7720
7721
7723
7727
7729
7729
7733
7735
7736
7737
7747
7748
7749
7765
7766
7772
7774
7785
7787
7790
7790
7792
7794
7796
7798
7799
7799
7800
7801
7803
7806
7809
7809
7814
7814
7814
7814
7817
7819
7819
7820
7820
7822
7825
7829
7831
7831
7832
7835
7836
7847
7847
7849
7849
7850
7851
7852
7852
7854
7861
7865
7866
7866
7867
7869
7875
7876
7878
7878
7883
7883
7883
7886
7891
7893
7894
7901
7903
7904
7904
7905
7915
7917
7920
7922
7924
7924
7928
7935
7938
7940
7941
7942
7948
7949
7949
7960
7966
7966
7969
7970
7970
7972
7975
7976
7978
7979
7983
7987
7988
7988
7988
7990
7991
7992
7993
7993
7994
7994
7994
7995
7999
8000
8003
8004
8004
8005
8008
8011
8014
8014
8015
8021
8023
8023
8026
8034
8035
8036
8036
8038
8043
8045
8045
8046
8047
8049
8053
8054
8055
8058
8058
8062
8063
8064
8071
8074
8077
8077
8078
8079
8084
8086
8086
8087
8088
8090
8095
8097
8098
8099
8100
8101
8110
8110
8110
8113
8113
8124
8125
8126
8132
8134
8134
8142
8143
8146
8147
8147
8147
8147
8148
8152
8154
8154
8157
8160
8163
8165
8166
8167
8167
8167
8168
8170
8171
8171
8175
8175
8176
8177
8179
8180
8180
8180
8182
8184
8184
8185
8190
8193
8194
8194
8194
8198
8198
8200
8201
8203
8203
8204
8207
8211
8215
8216
8216
8217
8221
8226
8227
8229
8230
8230
8231
8232
8236
8236
8236
8237
8240
8253
8254
8257
8258
8260
8264
8268
8270
8275
8278
8279
8281
8283
8283
8291
8291
8291
8296
8298
8299
8300
8300
8305
8307
8308
8308
8310
8312
8313
8314
8317
8318
8319
8320
8321
8321
8322
8322
8324
8325
8329
8329
8329
8330
8331
8333
8333
8334
8339
8340
8344
8346
8346
8349
8350
8351
8351
8354
8362
8362
8363
8364
8369
8369
8375
8377
8380
8382
8388
8389
8390
8391
8395
8396
8396
8396
8397
8404
8406
8406
8407
8407
8411
8412
8414
8417
8418
8420
8427
8428
8434
8442
8442
8442
8442
8444
8445
8448
8449
8450
8451
8452
8454
8454
8457
8459
8465
8466
8466
8467
8468
8471
8471
8471
8472
8473
8476
8477
8478
8480
8482
8483
8484
8492
8493
8493
8495
8496
8496
8497
8497
8497
8499
8499
8502
8507
8507
8513
8513
8516
8517
8523
8523
8524
8527
8530
8530
8530
8531
8531
8532
8532
8534
8540
8540
8544
8544
8545
8546
8546
8546
8551
8551
8552
8554
8554
8555
8560
8561
8562
8568
8570
8576
8577
8577
8577
8581
8581
8582
8585
8588
8588
8588
8589
8590
8593
8593
8598
8601
8601
8610
8611
8612
8612
8615
8619
8624
8632
8637
8640
8641
8641
8644
8644
8648
8648
8653
8655
8655
8656
8658
8658
8660
8660
8662
8662
8665
8666
8667
8667
8670
8672
8677
8682
8683
8685
8686
8689
8690
8691
8693
8695
8698
8698
8700
8705
8706
8707
8711
8713
8719
8720
8721
8722
8722
8723
8725
8727
8727
8730
8730
8734
8739
8742
8743
8743
8743
8743
8744
8746
8747
8749
8752
8756
8757
8770
8770
8770
8772
8772
8774
8778
8779
8787
8789
8792
8792
8793
8798
8799
8799
8801
8801
8802
8806
8806
8809
8809
8812
8812
8813
8814
8814
8814
8815
8816
8817
8818
8822
8825
8828
8828
8828
8829
8829
8832
8833
8833
8838
8839
8843
8843
8851
8851
8858
8860
8860
8860
8860
8860
8861
8861
8866
8866
8867
8867
8868
8869
8869
8870
8873
8873
8874
8876
8879
8881
8881
8881
8882
8883
8885
8888
8888
8888
8890
8891
8892
8892
8893
8893
8896
8898
8902
8903
8904
8906
8911
8914
8917
8918
8919
8920
8923
8927
8928
8928
8930
8934
8937
8937
8938
8939
8941
8943
8950
8952
8952
8954
8955
8955
8955
8961
8962
8964
8964
8967
8967
8969
8979
8982
8984
8998
8998
9000
9000
9011
9011
9013
9015
9016
9017
9017
9019
9020
9021
9023
9024
9025
9028
9030
9030
9030
9031
9031
9032
9032
9033
9038
9038
9041
9041
9046
9047
9049
9050
9052
9056
9056
9056
9058
9058
9063
9067
9070
9071
9073
9083
9085
9085
9086
9093
9097
9098
9105
9116
9117
9118
9122
9132
9134
9138
9139
9142
9151
9157
9161
9162
9165
9165
9166
9167
9168
9169
9171
9171
9178
9184
9184
9185
9185
9188
9188
9189
9190
9197
9198
9201
9204
9206
9208
9208
9209
9211
9217
9217
9220
9222
9225
9228
9229
9229
9230
9230
9230
9230
9238
9239
9240
9249
9249
9251
9253
9258
9261
9261
9262
9262
9264
9268
9269
9270
9271
9275
9275
9276
9280
9281
9282
9282
9284
9285
9288
9288
9289
9290
9293
9297
9297
9300
9300
9301
9302
9303
9304
9305
9311
9312
9315
9321
9323
9327
9328
9328
9332
9332
9335
9337
9342
9343
9343
9346
9346
9347
9348
9348
9348
9349
9353
9355
9359
9359
9361
9361
9366
9367
9368
9368
9368
9369
9371
9372
9372
9372
9378
9381
9384
9387
9387
9389
9395
9396
9397
9398
9399
9399
9401
9402
9405
9407
9413
9414
9415
9416
9416
9419
9424
9424
9424
9425
9430
9431
9433
9435
9436
9436
9437
9438
9442
9444
9445
9451
9458
9462
9464
9464
9467
9469
9469
9470
9470
9471
9471
9476
9479
9482
9484
9487
9490
9491
9491
9492
9493
9493
9497
9505
9506
9507
9508
9510
9512
9518
9526
9529
9538
9546
9547
9547
9555
9560
9561
9564
9567
9568
9575
9577
9578
9581
9581
9582
9584
9584
9586
9586
9589
9592
9593
9594
9595
9600
9602
9602
9603
9604
9604
9605
9611
9613
9614
9616
9617
9619
9621
9622
9622
9626
9628
9631
9633
9633
9638
9639
9641
9642
9649
9658
9661
9662
9665
9666
9666
9669
9669
9673
9674
9675
9677
9677
9682
9684
9687
9687
9693
9694
9700
9701
9702
9702
9704
9704
9705
9705
9707
9707
9708
9709
9710
9710
9711
9712
9713
9715
9720
9721
9723
9725
9726
9726
9726
9727
9728
9730
9732
9734
9736
9736
9737
9739
9745
9747
9749
9750
9751
9753
9754
9759
9761
9764
9766
9771
9773
9774
9775
9778
9783
9784
9792
9793
9796
9798
9798
9799
9802
9805
9805
9806
9806
9807
9810
9812
9814
9816
9821
9822
9823
9824
9837
9839
9839
9840
9841
9843
9850
9852
9852
9852
9856
9862
9865
9865
9866
9871
9871
9872
9872
9874
9875
9875
9877
9881
9885
9888
9889
9891
9892
9899
9905
9907
9911
9912
9914
9916
9918
9918
9921
9925
9929
9930
9934
9935
9936
9937
9940
9945
9946
9957
9959
9961
9964
9964
9964
9966
9967
9967
9968
9972
9972
9973
9976
9976
9978
9978
9981
9981
9981
9981
9983
9984
9984
9987
9989
9990
9999
10003
10003
10007
10011
10012
10017
10019
10021
10021
10023
10023
10025
10026
10030
10031
10032
10033
10037
10037
10039
10042
10046
10048
10049
10049
10051
10051
10052
10053
10055
10057
10059
10061
10062
10067
10070
10071
10071
10074
10075
10076
10080
10080
10081
10081
10085
10090
10091
10094
10096
10099
10100
10103
10104
10104
10105
10106
10108
10109
10112
10112
10115
10119
10121
10121
10121
10121
10122
10124
10124
10128
10129
10131
10132
10135
10139
10139
10140
10140
10143
10145
10145
10146
10147
10148
10149
10152
10152
10152
10153
10153
10155
10157
10157
10161
10162
10165
10167
10167
10170
10171
10171
10172
10174
10183
10186
10187
10188
10192
10194
10194
10195
10197
10199
10200
10202
10204
10206
10206
10211
10213
10214
10215
10216
10217
10219
10222
10223
10226
10226
10226
10226
10234
10234
10236
10238
10238
10240
10241
10241
10245
10248
10251
10253
10255
10259
10259
10261
10264
10265
10266
10268
10273
10273
10274
10278
10278
10279
10279
10280
10280
10283
10284
10285
10295
10297
10297
10298
10300
10300
10303
10303
10304
10305
10306
10309
10309
10309
10317
10319
10322
10322
10327
10328
10332
10335
10337
10338
10339
10341
10341
10345
10345
10346
10347
10347
10349
10357
10359
10362
10364
10365
10368
10369
10370
10375
10378
10381
10381
10381
10382
10388
10390
10394
10397
10397
10398
10400
10402
10406
10408
10409
10411
10411
10414
10415
10421
10425
10426
10426
10429
10432
10433
10434
10434
10437
10440
10441
10441
10442
10443
10443
10445
10447
10450
10451
10451
10452
10462
10463
10464
10467
10469
10471
10471
10472
10473
10476
10477
10482
10483
10486
10492
10493
10500
10503
10508
10509
10512
10513
10514
10518
10522
10523
10524
10525
10528
10529
10529
10529
10531
10532
10533
10540
10545
10552
10552
10553
10554
10555
10556
10556
10559
10560
10560
10562
10563
10563
10564
10570
10571
10583
10584
10586
10591
10592
10595
10596
10602
10602
10602
10603
10604
10604
10606
10607
10609
10616
10617
10617
10617
10620
10620
10621
10622
10622
10623
10625
10627
10637
10637
10639
10643
10646
10649
10649
10649
10650
10651
10651
10651
10652
10653
10654
10655
10657
10660
10660
10660
10661
10662
10666
10667
10670
10672
10673
10676
10677
10681
10682
10683
10687
10689
10692
10695
10697
10700
10700
10703
10707
10710
10713
10714
10715
10718
10718
10719
10722
10724
10725
10726
10726
10727
10729
10732
10735
10736
10737
10740
10740
10742
10743
10747
10747
10750
10753
10756
10757
10759
10759
10760
10760
10766
10767
10768
10769
10771
10773
10776
10777
10781
10782
10783
10786
10786
10786
10787
10790
10790
10791
10794
10794
10795
10795
10797
10799
10800
10802
10809
10809
10809
10813
10814
10816
10820
10825
10826
10828
10833
10833
10834
10838
10840
10840
10848
10854
10857
10858
10859
10860
10862
10864
10865
10865
10866
10873
10874
10880
10883
10884
10885
10885
10885
10886
10891
10894
10896
10900
10901
10903
10904
10904
10911
10912
10912
10913
10922
10923
10924
10927
10932
10935
10938
10942
10946
10948
10948
10948
10948
10949
10951
10954
10954
10956
10956
10959
10959
10962
10962
10963
10964
10967
10973
10974
10975
10978
10982
10985
10987
10990
10991
10992
10996
10998
10999
11001
11005
11005
11007
11010
11011
11012
11013
11014
11015
11016
11016
11024
11024
11025
11026
11026
11030
11033
11034
11043
11043
11046
11047
11049
11049
11051
11051
11051
11052
11055
11059
11060
11064
11065
11066
11069
11070
11071
11072
11074
11075
11076
11078
11080
11081
11083
11083
11085
11087
11087
11087
11089
11092
11102
11103
11106
11106
11109
11111
11111
11112
11113
11118
11121
11121
11122
11123
11125
11129
11129
11131
11131
11132
11135
11136
11137
11139
11140
11140
11143
11145
11149
11149
11150
11156
11157
11160
11165
11166
11167
11168
11168
11168
11168
11169
11172
11173
11176
11176
11178
11182
11186
11188
11189
11194
11195
11195
11195
11197
11198
11200
11201
11202
11206
11211
11215
11216
11220
11222
11222
11223
11231
11231
11232
11232
11235
11235
11236
11238
11246
11247
11247
11248
11248
11250
11252
11258
11258
11261
11262
11263
11263
11264
11264
11273
11273
11274
11276
11277
11279
11279
11279
11280
11284
11285
11287
11296
11298
11301
11301
11304
11304
11306
11306
11311
11311
11312
11313
11314
11318
11324
11324
11329
11331
11331
11332
11337
11343
11344
11346
11350
11363
11368
11373
11374
11375
11375
11376
11379
11382
11382
11384
11389
11390
11393
11396
11401
11404
11407
11408
11409
11411
11412
11413
11413
11416
11419
11419
11421
11423
11424
11424
11432
11433
11433
11435
11435
11435
11436
11437
11439
11441
11448
11449
11449
11451
11458
11460
11461
11465
11467
11468
11469
11470
11471
11476
11480
11482
11482
11484
11485
11486
11487
11488
11488
11492
11493
11497
11500
11503
11504
11506
11511
11512
11512
11515
11517
11526
11527
11527
11531
11535
11538
11539
11540
11542
11542
11543
11547
11547
11547
11557
11562
11564
11564
11565
11570
11572
11573
11575
11577
11587
11591
11591
11593
11594
11594
11596
11597
11599
11599
11602
11606
11607
11616
11617
11618
11623
11624
11625
11634
11636
11636
11638
11639
11642
11644
11646
11646
11647
11647
11650
11650
11651
11658
11659
11661
11661
11662
11667
11671
11671
11672
11672
11674
11675
11676
11676
11677
11678
11678
11680
11685
11689
11690
11690
11690
11693
11693
11696
11698
11699
11699
11700
11702
11703
11704
11704
11708
11709
11717
11719
11721
11724
11727
11728
11728
11728
11728
11729
11735
11735
11736
11738
11739
11743
11745
11746
11746
11750
11756
11756
11759
11762
11764
11765
11766
11767
11767
11778
11780
11782
11782
11782
11783
11785
11787
11788
11788
11789
11790
11791
11795
11795
11795
11797
11801
11804
11806
11808
11809
11809
11814
11821
11822
11825
11825
11826
11828
11832
11837
11839
11840
11843
11848
11853
11853
11853
11854
11856
11858
11860
11861
11866
11867
11868
11869
11869
11870
11871
11872
11876
11876
11878
11882
11883
11886
11888
11889
11892
11893
11894
11895
11906
11907
11911
11911
11912
11915
11916
11919
11921
11922
11925
11927
11931
11931
11931
11932
11937
11937
11939
11939
11940
11943
11943
11943
11944
11945
11945
11947
11947
11948
11948
11950
11953
11953
11957
11960
11964
11965
11966
11967
11968
11969
11971
11974
11975
11977
11978
11978
11978
11979
11979
11980
11983
11986
11987
11987
11989
11990
11991
11991
11992
11993
11995
11995
11995
12001
12002
12003
12007
12008
12008
12009
12011
12012
12013
12018
12020
12020
12021
12021
12024
12028
12030
12031
12032
12032
12032
12033
12033
12033
12033
12034
12036
12036
12038
12039
12042
12047
12051
12054
12054
12057
12058
12058
12060
12067
12067
12069
12072
12073
12073
12074
12075
12075
12077
12079
12079
12080
12080
12081
12083
12086
12087
12088
12097
12098
12105
12105
12107
12108
12110
12112
12114
12114
12115
12118
12118
12119
12120
12123
12129
12130
12131
12131
12133
12133
12134
12143
12145
12150
12150
12155
12155
12155
12156
12158
12161
12162
12162
12162
12163
12164
12172
12172
12177
12180
12181
12186
12189
12190
12190
12191
12193
12197
12198
12200
12201
12204
12206
12211
12213
12213
12215
12217
12220
12228
12230
12230
12231
12232
12236
12238
12240
12241
12248
12252
12254
12255
12255
12258
12258
12259
12259
12263
12264
12266
12268
12268
12270
12273
12274
12276
12278
12281
12282
12283
12283
12284
12284
12285
12287
12287
12287
12288
12288
12289
12290
12290
12291
12292
12298
12298
12302
12305
12306
12308
12313
12313
12313
12314
12315
12315
12316
12321
12324
12325
12325
12326
12333
12336
12336
12340
12342
12343
12343
12344
12346
12351
12351
12352
12353
12353
12354
12354
12357
12357
12358
12358
12358
12358
12359
12362
12362
12363
12365
12365
12374
12375
12376
12378
12379
12382
12386
12387
12389
12391
12392
12394
12399
12401
12406
12408
12411
12411
12415
12415
12418
12419
12419
12420
12421
12423
12425
12425
12427
12427
12428
12432
12434
12434
12436
12446
12447
12448
12449
12449
12451
12451
12457
12458
12458
12464
12470
12472
12473
12476
12479
12482
12484
12487
12488
12489
12491
12494
12496
12505
12511
12512
12513
12516
12517
12521
12523
12524
12527
12531
12534
12539
12542
12543
12543
12544
12544
12548
12548
12552
12553
12554
12554
12555
12555
12556
12556
12557
12562
12568
12568
12571
12572
12573
12574
12575
12575
12579
12580
12580
12585
12588
12596
12598
12601
12602
12603
12604
12605
12607
12608
12609
12611
12612
12613
12614
12618
12618
12619
12625
12628
12629
12631
12632
12634
12638
12639
12641
12643
12644
12645
12651
12654
12658
12659
12659
12659
12662
12667
12671
12672
12672
12676
12681
12681
12683
12684
12689
12689
12692
12693
12695
12696
12697
12700
12704
12707
12709
12709
12710
12714
12725
12725
12726
12731
12732
12733
12733
12734
12738
12739
12739
12744
12747
12749
12750
12751
12752
12752
12753
12755
12756
12757
12759
12759
12761
12764
12764
12765
12767
12770
12770
12771
12772
12773
12773
12778
12780
12788
12789
12791
12792
12793
12796
12797
12798
12805
12806
12806
12810
12811
12817
12817
12819
12823
12824
12826
12826
12830
12832
12834
12834
12835
12842
12844
12845
12846
12847
12856
12856
12856
12856
12858
12864
12866
12867
12867
12870
12876
12877
12877
12878
12878
12879
12880
12882
12882
12887
12888
12888
12890
12891
12893
12894
12895
12901
12903
12903
12905
12906
12907
12909
12912
12913
12913
12914
12916
12917
12918
12927
12927
12928
12931
12932
12935
12935
12935
12938
12939
12940
12943
12943
12945
12951
12952
12954
12957
12958
12959
12959
12961
12962
12966
12968
12968
12973
12976
12976
12977
12979
12981
12982
12982
12985
12986
12987
12988
12990
12991
12992
12997
12999
13000
13001
13002
13003
13003
13006
13007
13007
13007
13011
13011
13012
13014
13014
13015
13015
13017
13019
13022
13023
13030
13031
13036
13039
13039
13043
13043
13044
13045
13046
13046
13048
13050
13055
13056
13057
13057
13065
13075
13076
13077
13080
13080
13083
13083
13084
13085
13086
13087
13088
13095
13099
13100
13100
13103
13106
13106
13112
13114
13116
13119
13126
13131
13131
13132
13142
13147
13147
13151
13156
13157
13161
13161
13164
13164
13167
13170
13170
13170
13171
13176
13178
13179
13181
13181
13183
13185
13193
13197
13200
13201
13207
13209
13210
13210
13213
13214
13215
13216
13217
13218
13220
13222
13223
13228
13229
13229
13231
13232
13232
13238
13238
13239
13241
13242
13244
13247
13248
13248
13249
13252
13252
13253
13255
13255
13258
13259
13261
13267
13275
13276
13278
13278
13281
13284
13294
13300
13304
13306
13306
13311
13312
13314
13321
13325
13326
13329
13330
13334
13337
13338
13338
13341
13342
13342
13344
13345
13347
13347
13347
13349
13350
13353
13355
13358
13360
13364
13365
13369
13375
13378
13382
13384
13385
13386
13386
13392
13394
13398
13399
13400
13401
13402
13406
13406
13408
13409
13409
13411
13411
13412
13413
13413
13416
13416
13419
13422
13425
13428
13429
13433
13433
13433
13436
13437
13438
13440
13440
13441
13444
13445
13445
13448
13449
13453
13454
13456
13460
13463
13465
13467
13469
13469
13469
13471
13471
13472
13474
13475
13478
13480
13482
13483
13483
13484
13498
13499
13501
13504
13504
13505
13517
13517
13518
13519
13520
13525
13526
13526
13526
13527
13528
13529
13534
13536
13536
13539
13540
13546
13546
13550
13552
13552
13553
13555
13555
13555
13556
13557
13559
13560
13561
13561
13563
13564
13566
13567
13568
13569
13569
13569
13573
13574
13575
13577
13584
13587
13587
13589
13591
13593
13593
13594
13596
13597
13597
13600
13601
13602
13604
13606
13606
13608
13611
13613
13614
13615
13615
13622
13623
13626
13627
13628
13629
13629
13629
13631
13635
13636
13636
13638
13638
13640
13641
13641
13643
13645
13645
13646
13646
13647
13648
13651
13653
13653
13654
13658
13658
13660
13660
13661
13667
13670
13677
13678
13678
13679
13679
13681
13689
13691
13691
13694
13694
13695
13699
13701
13705
13717
13719
13723
13725
13727
13728
13734
13734
13735
13740
13746
13746
13746
13747
13752
13752
13757
13758
13763
13764
13765
13765
13765
13767
13768
13770
13770
13771
13773
13774
13780
13780
13781
13781
13782
13784
13785
13785
13786
13787
13787
13789
13789
13793
13794
13799
13800
13802
13803
13803
13806
13807
13807
13807
13809
13814
13816
13817
13818
13819
13821
13823
13823
13823
13823
13825
13827
13829
13831
13833
13833
13833
13837
13842
13843
13844
13850
13850
13852
13855
13856
13859
13859
13862
13871
13875
13876
13876
13884
13884
13886
13887
13888
13890
13890
13892
13892
13893
13894
13897
13898
13903
13906
13907
13907
13911
13913
13914
13914
13916
13917
13920
13920
13922
13922
13923
13923
13929
13931
13931
13931
13935
13935
13935
13937
13942
13946
13948
13948
13952
13953
13955
13960
13962
13963
13966
13969
13973
13974
13975
13976
13984
13984
13987
13988
13988
13990
13996
14000
14002
14003
14006
14008
14014
14015
14017
14018
14021
14021
14022
14023
14025
14026
14031
14031
14031
14038
14040
14042
14043
14044
14046
14046
14046
14047
14049
14050
14051
14052
14055
14055
14057
14058
14058
14063
14064
14066
14067
14067
14070
14071
14075
14085
14090
14091
14093
14094
14096
14096
14098
14101
14103
14104
14104
14106
14108
14109
14110
14111
14112
14116
14116
14118
14127
14130
14132
14133
14134
14135
14135
14136
14136
14139
14141
14142
14144
14147
14147
14148
14153
14154
14155
14161
14161
14162
14164
14165
14165
14169
14170
14176
14178
14179
14181
14181
14183
14183
14184
14184
14186
14188
14189
14190
14195
14196
14198
14198
14200
14203
14206
14206
14206
14207
14207
14208
14209
14211
14219
14219
14226
14227
14230
14235
14239
14239
14241
14243
14243
14244
14244
14245
14249
14251
14253
14257
14258
14263
14265
14268
14269
14271
14271
14273
14273
14273
14273
14274
14276
14282
14286
14287
14287
14298
14302
14306
14306
14308
14310
14311
14311
14319
14319
14322
14323
14329
14335
14336
14336
14338
14345
14346
14347
14350
14351
14353
14354
14356
14358
14359
14360
14360
14366
14368
14372
14375
14377
14379
14380
14380
14382
14383
14388
14388
14392
14395
14395
14396
14406
14407
14409
14409
14411
14414
14414
14416
14419
14424
14424
14426
14427
14428
14428
14430
14431
14436
14439
14440
14440
14440
14444
14450
14454
14458
14460
14463
14466
14466
14468
14472
14474
14475
14475
14478
14478
14479
14482
14484
14491
14492
14493
14494
14495
14496
14497
14497
14499
14501
14505
14509
14513
14515
14515
14519
14519
14520
14522
14523
14524
14526
14531
14536
14537
14537
14542
14542
14543
14544
14544
14546
14549
14550
14550
14552
14554
14555
14558
14558
14560
14560
14562
14564
14567
14567
14570
14571
14572
14572
14575
14578
14578
14580
14584
14588
14591
14593
14598
14599
14602
14603
14604
14604
14605
14609
14613
14615
14617
14617
14618
14623
14625
14631
14631
14636
14636
14637
14637
14639
14642
14643
14644
14645
14650
14650
14652
14652
14655
14658
14659
14660
14663
14664
14665
14675
14676
14679
14685
14685
14686
14687
14689
14689
14690
14690
14690
14691
14701
14701
14702
14704
14704
14705
14707
14707
14708
14711
14713
14720
14722
14726
14728
14729
14730
14730
14732
14736
14742
14745
14747
14749
14750
14751
14751
14753
14754
14755
14756
14756
14759
14761
14763
14763
14764
14765
14770
14772
14772
14774
14775
14775
14777
14778
14779
14784
14785
14786
14791
14796
14796
14798
14800
14802
14803
14806
14806
14807
14809
14809
14809
14810
14810
14811
14814
14815
14819
14820
14820
14820
14823
14825
14825
14825
14826
14826
14832
14836
14836
14836
14841
14841
14842
14843
14846
14852
14854
14854
14858
14860
14862
14864
14866
14867
14874
14875
14875
14876
14879
14881
14884
14886
14891
14891
14891
14896
14897
14897
14899
14900
14902
14902
14903
14904
14909
14915
14916
14917
14925
14930
14931
14933
14934
14936
14937
14944
14951
14957
14957
14957
14959
14960
14960
14960
14962
14964
14964
14965
14969
14970
14972
14972
14973
14975
14976
14981
14985
14986
14987
14989
14989
14991
14995
14996
14997
14998
14999
15001
15002
15007
15008
15013
15014
15017
15018
15018
15019
15021
15021
15021
15025
15026
15027
15030
15031
15033
15034
15034
15036
15038
15042
15046
15048
15050
15050
15051
15053
15056
15059
15061
15064
15064
15067
15070
15073
15074
15074
15078
15079
15080
15085
15085
15086
15086
15088
15094
15096
15096
15097
15097
15098
15101
15103
15108
15109
15110
15118
15121
15123
15131
15132
15133
15135
15137
15138
15145
15146
15149
15150
15150
15150
15154
15156
15157
15158
15158
15158
15159
15160
15166
15167
15168
15169
15170
15170
15170
15172
15173
15174
15176
15176
15178
15181
15181
15191
15198
15201
15203
15205
15205
15210
15210
15211
15211
15212
15214
15214
15217
15217
15217
15217
15218
15218
15218
15220
15220
15221
15222
15226
15228
15233
15236
15238
15238
15238
15240
15242
15242
15245
15247
15249
15250
15256
15257
15258
15261
15262
15272
15273
15277
15278
15279
15279
15280
15282
15283
15283
15285
15287
15291
15291
15292
15294
15298
15302
15303
15303
15306
15306
15307
15307
15307
15308
15309
15312
15313
15316
15317
15321
15321
15321
15322
15323
15323
15325
15326
15328
15329
15333
15336
15337
15338
15339
15339
15339
15342
15342
15343
15348
15352
15352
15352
15354
15354
15357
15369
15369
15373
15374
15377
15382
15383
15385
15388
15390
15392
15393
15398
15403
15404
15404
15404
15405
15409
15410
15416
15420
15422
15423
15427
15428
15428
15429
15433
15433
15435
15435
15439
15440
15442
15445
15447
15449
15450
15450
15451
15457
15460
15462
15462
15464
15465
15466
15468
15469
15472
15472
15474
15474
15474
15476
15482
15490
15499
15500
15504
15507
15510
15513
15514
15517
15518
15521
15529
15529
15532
15533
15538
15538
15539
15540
15542
15545
15548
15551
15553
15554
15555
15555
15558
15558
15560
15565
15570
15573
15580
15589
15590
15590
15590
15596
15600
15604
15606
15607
15608
15609
15613
15613
15615
15615
15615
15621
15621
15621
15625
15629
15629
15630
15630
15637
15637
15641
15646
15647
15650
15652
15655
15659
15660
15660
15662
15665
15665
15668
15668
15668
15670
15671
15673
15677
15677
15678
15679
15680
15683
15686
15692
15693
15693
15694
15695
15696
15697
15699
15701
15702
15705
15706
15707
15714
15715
15717
15717
15719
15720
15722
15731
15732
15732
15733
15741
15744
15744
15746
15747
15748
15748
15751
15751
15755
15760
15761
15766
15772
15772
15779
15784
15785
15785
15786
15786
15789
15789
15791
15793
15795
15802
15805
15805
15805
15807
15807
15809
15809
15809
15815
15815
15818
15823
15823
15828
15830
15833
15835
15836
15836
15839
15840
15842
15843
15843
15844
15844
15849
15856
15860
15866
15868
15868
15868
15869
15871
15874
15874
15875
15876
15881
15884
15888
15888
15894
15897
15900
15903
15904
15907
15909
15913
15915
15921
15925
15926
15927
15930
15935
15935
15937
15939
15942
15945
15945
15946
15949
15950
15952
15954
15954
15958
15959
15961
15962
15962
15966
15973
15973
15974
15975
15979
15980
15983
15985
15989
15990
15995
16007
16007
16008
16008
16008
16008
16009
16009
16009
16011
16013
16013
16016
16017
16018
16019
16022
16023
16024
16024
16024
16025
16029
16032
16034
16035
16041
16041
16042
16046
16052
16055
16056
16056
16058
16059
16060
16062
16062
16067
16068
16071
16071
16072
16073
16073
16078
16081
16083
16083
16085
16085
16087
16087
16090
16093
16094
16095
16095
16097
16097
16099
16103
16103
16107
16112
16113
16118
16119
16119
16121
16126
16129
16129
16132
16135
16139
16140
16140
16148
16148
16153
16154
16155
16155
16157
16158
16158
16159
16159
16161
16164
16165
16166
16168
16174
16176
16176
16177
16178
16179
16179
16183
16184
16185
16185
16188
16188
16189
16190
16193
16194
16194
16199
16203
16203
16206
16206
16207
16210
16211
16213
16218
16223
16223
16229
16230
16230
16232
16232
16233
16234
16235
16237
16237
16238
16238
16239
16239
16239
16242
16243
16245
16251
16252
16253
16254
16257
16262
16264
16266
16266
16268
16269
16270
16273
16274
16274
16276
16278
16280
16283
16286
16291
16293
16294
16296
16298
16308
16309
16310
16312
16312
16313
16313
16315
16317
16318
16318
16319
16322
16322
16322
16323
16323
16324
16325
16326
16326
16327
16328
16331
16334
16336
16339
16339
16339
16344
16345
16346
16347
16347
16350
16354
16356
16356
16359
16360
16364
16364
16365
16365
16366
16366
16366
16367
16367
16369
16369
16372
16374
16375
16376
16379
16382
16386
16387
16387
16390
16392
16396
16398
16398
16400
16407
16409
16409
16409
16416
16417
16418
16418
16420
16421
16421
16423
16429
16431
16432
16433
16434
16434
16436
16437
16437
16438
16439
16442
16444
16453
16453
16454
16458
16459
16466
16468
16469
16471
16475
16482
16488
16489
16496
16508
16509
16514
16516
16516
16517
16523
16524
16525
16526
16528
16543
16543
16544
16546
16547
16549
16550
16553
16555
16556
16558
16560
16560
16567
16572
16572
16579
16579
16583
16587
16587
16592
16596
16598
16598
16600
16602
16604
16605
16605
16606
16612
16613
16614
16618
16619
16626
16630
16630
16633
16637
16639
16639
16640
16640
16641
16644
16650
16651
16651
16652
16652
16658
16659
16661
16663
16664
16665
16665
16669
16670
16670
16671
16672
16674
16676
16679
16681
16683
16684
16685
16685
16687
16695
16695
16703
16706
16712
16712
16715
16715
16716
16718
16719
16719
16721
16723
16725
16726
16728
16728
16728
16729
16730
16730
16732
16733
16734
16736
16737
16738
16739
16741
16741
16744
16745
16747
16749
16753
16754
16754
16755
16758
16760
16763
16764
16764
16767
16767
16770
16772
16772
16774
16776
16777
16777
16778
16779
16779
16780
16782
16782
16785
16785
16789
16790
16792
16792
16794
16795
16799
16801
16802
16803
16806
16809
16822
16831
16831
16832
16833
16835
16837
16838
16839
16839
16847
16855
16856
16858
16860
16861
16861
16866
16868
16869
16870
16871
16875
16881
16884
16885
16890
16892
16893
16897
16900
16902
16903
16906
16906
16907
16908
16911
16912
16915
16917
16918
16918
16923
16934
16940
16942
16943
16944
16947
16955
16959
16959
16961
16963
16963
16964
16965
16971
16972
16974
16979
16987
16989
16990
16992
16994
16995
16999
17000
17000
17000
17003
17003
17004
17006
17007
17008
17009
17010
17012
17016
17032
17035
17035
17036
17037
17040
17042
17042
17042
17046
17048
17048
17049
17049
17053
17056
17057
17057
17057
17058
17058
17062
17062
17066
17066
17068
17069
17069
17076
17077
17079
17080
17083
17084
17084
17084
17085
17086
17089
17089
17090
17090
17090
17091
17092
17093
17096
17107
17109
17110
17110
17113
17113
17115
17118
17119
17120
17122
17125
17125
17133
17134
17134
17135
17137
17141
17143
17144
17146
17146
17147
17148
17148
17150
17151
17151
17152
17153
17154
17157
17159
17159
17159
17167
17169
17179
17180
17181
17181
17185
17187
17190
17192
17197
17198
17207
17207
17211
17213
17214
17215
17219
17221
17225
17231
17232
17233
17234
17236
17237
17241
17245
17248
17249
17249
17249
17252
17254
17255
17257
17259
17260
17262
17264
17266
17271
17271
17271
17272
17273
17276
17277
17278
17279
17279
17283
17286
17289
17290
17292
17294
17307
17308
17309
17311
17315
17319
17328
17332
17332
17333
17333
17333
17335
17336
17336
17342
17343
17344
17344
17344
17346
17350
17358
17358
17363
17364
17365
17367
17367
17368
17368
17369
17369
17369
17374
17375
17378
17379
17382
17383
17384
17389
17390
17392
17392
17392
17393
17396
17398
17399
17403
17403
17406
17406
17408
17408
17410
17412
17412
17414
17422
17425
17427
17428
17429
17431
17431
17433
17436
17436
17443
17443
17444
17445
17446
17446
17449
17452
17453
17454
17455
17459
17459
17464
17472
17477
17477
17478
17479
17481
17482
17483
17484
17485
17488
17489
17490
17490
17494
17495
17498
17500
17501
17503
17507
17508
17508
17510
17510
17513
17515
17517
17517
17520
17522
17522
17527
17529
17530
17534
17534
17536
17538
17538
17539
17540
17547
17553
17558
17560
17564
17565
17568
17569
17573
17575
17579
17581
17582
17583
17586
17588
17591
17591
17592
17593
17597
17598
17600
17605
17609
17611
17612
17614
17614
17619
17619
17622
17623
17623
17624
17625
17626
17629
17633
17636
17638
17638
17640
17643
17645
17647
17651
17653
17654
17658
17661
17661
17663
17663
17666
17674
17675
17675
17676
17681
17681
17683
17685
17685
17685
17686
17686
17690
17696
17698
17699
17702
17705
17709
17710
17715
17715
17715
17719
17719
17725
17728
17730
17732
17733
17733
17735
17735
17736
17742
17742
17744
17750
17751
17756
17756
17758
17758
17759
17761
17762
17767
17767
17768
17769
17770
17773
17781
17784
17784
17785
17787
17787
17789
17792
17793
17793
17794
17794
17794
17796
17797
17797
17797
17802
17805
17806
17806
17806
17809
17810
17811
17813
17815
17818
17819
17822
17827
17827
17833
17836
17837
17837
17839
17840
17840
17844
17846
17849
17851
17852
17854
17854
17855
17855
17856
17856
17859
17860
17863
17863
17864
17866
17871
17872
17873
17873
17874
17874
17877
17878
17881
17881
17883
17884
17889
17889
17891
17892
17894
17899
17901
17901
17902
17904
17905
17905
17907
17909
17917
17919
17920
17920
17922
17923
17925
17926
17927
17927
17928
17929
17931
17933
17934
17939
17940
17942
17942
17945
17952
17957
17957
17958
17960
17961
17962
17965
17965
17966
17967
17967
17971
17972
17972
17972
17973
17977
17979
17980
17985
17987
17987
17997
17997
17999
18000
18003
18004
18006
18006
18012
18013
18013
18014
18015
18019
18021
18025
18027
18028
18030
18031
18033
18034
18035
18035
18037
18038
18038
18040
18048
18050
18050
18054
18059
18061
18062
18065
18069
18069
18070
18075
18078
18080
18081
18084
18087
18088
18090
18091
18095
18096
18096
18100
18101
18104
18104
18105
18105
18106
18109
18110
18110
18112
18112
18113
18114
18114
18118
18119
18122
18122
18122
18123
18128
18130
18131
18133
18136
18137
18137
18139
18143
18143
18147
18148
18150
18151
18153
18154
18156
18158
18160
18161
18161
18162
18169
18170
18171
18173
18176
18179
18181
18184
18188
18192
18193
18194
18194
18199
18199
18200
18200
18200
18200
18202
18202
18203
18210
18211
18212
18213
18213
18218
18225
18226
18226
18226
18229
18230
18232
18232
18232
18233
18234
18236
18236
18239
18240
18243
18246
18249
18250
18252
18260
18261
18267
18270
18271
18272
18272
18273
18275
18278
18279
18286
18290
18291
18296
18298
18298
18298
18302
18303
18303
18308
18319
18320
18321
18324
18326
18329
18333
18334
18334
18335
18337
18340
18341
18342
18343
18349
18350
18352
18353
18356
18356
18359
18359
18361
18362
18363
18369
18372
18373
18374
18379
18381
18383
18384
18384
18389
18391
18392
18392
18396
18397
18398
18401
18401
18408
18410
18411
18414
18422
18424
18426
18428
18429
18435
18439
18441
18442
18442
18446
18446
18448
18450
18455
18456
18460
18463
18464
18467
18471
18472
18473
18485
18490
18493
18494
18504
18506
18509
18510
18514
18519
18519
18519
18520
18524
18524
18527
18528
18530
18530
18531
18533
18534
18534
18535
18536
18538
18543
18545
18549
18551
18555
18556
18560
18564
18570
18571
18571
18574
18575
18576
18577
18578
18578
18580
18580
18586
18587
18588
18588
18588
18589
18591
18596
18596
18597
18600
18602
18610
18616
18618
18618
18619
18619
18619
18623
18624
18624
18627
18627
18630
18631
18635
18646
18647
18648
18655
18656
18657
18657
18660
18660
18661
18662
18663
18663
18668
18668
18669
18675
18677
18677
18685
18686
18690
18691
18692
18693
18695
18695
18699
18703
18704
18705
18706
18706
18708
18708
18711
18711
18713
18715
18716
18716
18716
18716
18716
18718
18719
18720
18722
18723
18724
18724
18726
18730
18730
18730
18732
18738
18738
18739
18741
18742
18743
18744
18746
18752
18754
18756
18760
18761
18761
18763
18764
18767
18770
18771
18772
18773
18777
18780
18781
18782
18783
18783
18783
18785
18787
18793
18799
18800
18804
18804
18808
18811
18813
18814
18814
18816
18818
18819
18820
18821
18824
18828
18829
18829
18831
18837
18839
18842
18843
18857
18858
18862
18863
18864
18865
18866
18870
18872
18874
18874
18875
18879
18879
18880
18880
18881
18882
18882
18883
18884
18886
18888
18889
18889
18894
18898
18901
18901
18901
18902
18904
18906
18906
18908
18912
18912
18915
18917
18920
18922
18933
18934
18934
18935
18936
18936
18938
18939
18941
18943
18946
18948
18951
18958
18962
18962
18964
18966
18967
18969
18970
18971
18972
18973
18975
18977
18983
18986
18987
18988
18995
18996
18996
18997
18997
18998
19007
19007
19015
19016
19016
19017
19019
19020
19021
19021
19022
19024
19025
19026
19028
19028
19028
19030
19030
19031
19032
19035
19037
19044
19045
19046
19047
19047
19051
19051
19054
19056
19057
19057
19059
19061
19063
19064
19065
19067
19069
19070
19071
19072
19074
19075
19076
19077
19084
19084
19085
19086
19090
19091
19092
19093
19097
19098
19101
19102
19103
19103
19106
19107
19107
19110
19110
19113
19114
19114
19118
19120
19122
19123
19125
19127
19127
19128
19131
19132
19132
19133
19133
19135
19138
19143
19146
19148
19149
19150
19151
19152
19152
19153
19153
19158
19159
19162
19164
19165
19166
19167
19171
19171
19172
19172
19175
19179
19181
19182
19184
19186
19188
19191
19192
19195
19196
19196
19198
19199
19199
19203
19205
19206
19208
19208
19208
19210
19213
19217
19218
19219
19223
19223
19223
19223
19224
19225
19227
19228
19230
19231
19232
19233
19233
19235
19235
19239
19240
19242
19242
19246
19246
19246
19250
19251
19253
19253
19266
19266
19267
19270
19270
19270
19271
19284
19286
19288
19292
19292
19296
19297
19299
19301
19302
19302
19308
19315
19319
19319
19320
19321
19322
19323
19329
19330
19332
19332
19333
19337
19337
19339
19348
19350
19350
19355
19357
19357
19358
19358
19358
19359
19360
19362
19363
19367
19367
19370
19372
19374
19377
19382
19384
19384
19385
19388
19390
19393
19396
19397
19401
19410
19410
19410
19415
19416
19417
19418
19420
19423
19424
19432
19432
19436
19438
19440
19446
19447
19448
19464
19466
19469
19469
19471
19475
19479
19484
19484
19484
19486
19488
19490
19491
19491
19493
19495
19497
19499
19500
19507
19507
19510
19511
19520
19524
19527
19527
19528
19531
19532
19536
19537
19537
19537
19541
19545
19550
19551
19553
19555
19555
19559
19559
19560
19561
19561
19565
19566
19566
19566
19567
19572
19574
19575
19581
19583
19584
19586
19586
19586
19587
19589
19589
19590
19593
19594
19596
19598
19598
19599
19604
19607
19607
19609
19610
19611
19613
19615
19618
19619
19621
19621
19622
19626
19628
19628
19629
19633
19635
19638
19638
19640
19643
19643
19647
19649
19650
19652
19654
19657
19658
19662
19663
19664
19664
19667
19668
19673
19675
19677
19677
19678
19683
19684
19686
19689
19689
19691
19691
19692
19694
19695
19695
19696
19698
19698
19698
19701
19703
19709
19710
19712
19714
19716
19716
19721
19722
19722
19725
19725
19730
19732
19733
19734
19735
19737
19753
19754
19757
19757
19760
19761
19761
19764
19764
19765
19766
19766
19769
19770
19770
19770
19773
19774
19775
19775
19775
19776
19778
19781
19784
19784
19785
19786
19798
19798
19802
19806
19808
19809
19811
19812
19816
19820
19824
19824
19826
19829
19830
19830
19830
19834
19835
19836
19839
19839
19840
19841
19842
19843
19843
19847
19851
19858
19860
19861
19863
19864
19867
19868
19869
19871
19872
19873
19873
19874
19876
19879
19884
19884
19890
19890
19891
19892
19893
19894
19894
19894
19896
19896
19896
19900
19903
19905
19909
19913
19915
19916
19921
19923
19923
19925
19926
19934
19935
19946
19948
19950
19952
19953
19955
19955
19956
19959
19962
19963
19964
19965
19967
19967
19967
19968
19972
19976
19981
19988
19989
19993
20000
